# time                
# Time                	cpu                   	clock                 	cpu/step              	clock/step            
0                     	9.000000000000000e-02	0	0.000000000000000e+00	0.000000000000000e+00
1.19999904000077e-10  	3.130000000000000e+00	3	3.040000000000000e+00	3.000000000000000e+00
2.63999616000445e-10  	6.130000000000000e+00	6	3.000000000000000e+00	3.000000000000000e+00
4.36799071335788e-10  	9.060000000000000e+00	9	2.930000000000001e+00	3.000000000000000e+00
6.4415820274799e-10   	1.202000000000000e+01	12	2.959999999999999e+00	3.000000000000000e+00
8.92988954051989e-10  	1.418000000000000e+01	14	2.160000000000000e+00	2.000000000000000e+00
1.19158555841406e-09  	1.715000000000000e+01	17	2.969999999999999e+00	3.000000000000000e+00
1.54990019973483e-09  	2.018000000000000e+01	20	3.030000000000001e+00	3.000000000000000e+00
1.97987715304205e-09  	2.317000000000000e+01	23	2.990000000000002e+00	3.000000000000000e+00
2.49584683469715e-09  	2.632000000000000e+01	26	3.149999999999999e+00	3.000000000000000e+00
3.11500725792346e-09  	2.935000000000000e+01	29	3.030000000000001e+00	3.000000000000000e+00
3.85799792561604e-09  	3.249000000000000e+01	32	3.140000000000001e+00	3.000000000000000e+00
4.74957877730543e-09  	3.553000000000000e+01	35	3.039999999999999e+00	3.000000000000000e+00
5.81947007569327e-09  	3.891000000000000e+01	38	3.379999999999995e+00	3.000000000000000e+00
7.10332314980061e-09  	4.202000000000000e+01	42	3.110000000000007e+00	4.000000000000000e+00
8.6439270582337e-09   	4.339000000000000e+01	43	1.369999999999997e+00	1.000000000000000e+00
1.04926403548289e-08  	4.644000000000000e+01	46	3.049999999999997e+00	3.000000000000000e+00
1.27110799039868e-08  	4.952000000000000e+01	49	3.080000000000005e+00	3.000000000000000e+00
1.53731482990905e-08  	5.261000000000000e+01	52	3.089999999999996e+00	3.000000000000000e+00
1.85675453231065e-08  	5.576000000000000e+01	55	3.149999999999999e+00	3.000000000000000e+00
2.24007482696493e-08  	5.888000000000000e+01	58	3.120000000000005e+00	3.000000000000000e+00
2.70003801822243e-08  	6.206000000000000e+01	62	3.180000000000000e+00	4.000000000000000e+00
3.25197861127614e-08  	6.528000000000000e+01	65	3.219999999999999e+00	3.000000000000000e+00
3.91427806943095e-08  	6.864000000000000e+01	68	3.359999999999999e+00	3.000000000000000e+00
4.7090058259845e-08   	7.198000000000000e+01	72	3.340000000000003e+00	4.000000000000000e+00
5.66266396873558e-08  	7.534000000000000e+01	75	3.359999999999999e+00	3.000000000000000e+00
6.8069663887071e-08   	7.879000000000001e+01	78	3.450000000000003e+00	3.000000000000000e+00
8.18003495611728e-08  	8.222000000000000e+01	82	3.429999999999993e+00	4.000000000000000e+00
9.8274908448302e-08   	8.573000000000000e+01	85	3.510000000000005e+00	3.000000000000000e+00
1.18041771347303e-07  	8.931999999999999e+01	89	3.589999999999989e+00	4.000000000000000e+00
1.41761068005734e-07  	9.295000000000000e+01	93	3.630000000000010e+00	4.000000000000000e+00
1.7021881634771e-07   	9.662000000000000e+01	96	3.670000000000002e+00	3.000000000000000e+00
2.04360328380423e-07  	1.004000000000000e+02	100	3.780000000000001e+00	4.000000000000000e+00
2.45327339739873e-07  	1.042400000000000e+02	104	3.839999999999989e+00	4.000000000000000e+00
2.94467572577439e-07  	1.081500000000000e+02	108	3.910000000000011e+00	4.000000000000000e+00
3.53430040009386e-07  	1.121200000000000e+02	112	3.969999999999999e+00	4.000000000000000e+00
4.24151523302496e-07  	1.154700000000000e+02	115	3.349999999999994e+00	3.000000000000000e+00
5.07828706896359e-07  	1.171600000000000e+02	117	1.689999999999998e+00	2.000000000000000e+00
6.02583155746934e-07  	1.189200000000000e+02	118	1.760000000000005e+00	1.000000000000000e+00
6.98526608299302e-07  	1.206500000000000e+02	120	1.730000000000004e+00	2.000000000000000e+00
7.8354499305247e-07   	1.222200000000000e+02	122	1.569999999999993e+00	2.000000000000000e+00
8.60876602566849e-07  	1.236900000000000e+02	123	1.469999999999999e+00	1.000000000000000e+00
9.3250891716037e-07   	1.251100000000000e+02	125	1.420000000000002e+00	2.000000000000000e+00
9.99673317894498e-07  	1.264700000000000e+02	126	1.359999999999999e+00	1.000000000000000e+00
1.06321653142602e-06  	1.277500000000000e+02	127	1.280000000000001e+00	1.000000000000000e+00
1.12380243679563e-06  	1.290100000000000e+02	129	1.259999999999991e+00	2.000000000000000e+00
1.18189655992324e-06  	1.302000000000000e+02	130	1.189999999999998e+00	1.000000000000000e+00
1.23785245088592e-06  	1.314000000000000e+02	131	1.200000000000017e+00	1.000000000000000e+00
1.29196869611831e-06  	1.325700000000000e+02	132	1.169999999999987e+00	1.000000000000000e+00
1.34447296808846e-06  	1.337100000000000e+02	133	1.140000000000015e+00	1.000000000000000e+00
1.39558982147287e-06  	1.348500000000000e+02	134	1.139999999999986e+00	1.000000000000000e+00
1.44544038273602e-06  	1.359800000000000e+02	136	1.129999999999995e+00	2.000000000000000e+00
1.49418151014318e-06  	1.371100000000000e+02	137	1.130000000000024e+00	1.000000000000000e+00
1.5419303315149e-06   	1.381800000000000e+02	138	1.069999999999993e+00	1.000000000000000e+00
1.58879281112865e-06  	1.392700000000000e+02	139	1.090000000000003e+00	1.000000000000000e+00
1.63482237482784e-06  	1.403400000000000e+02	140	1.069999999999993e+00	1.000000000000000e+00
1.68008936867283e-06  	1.414000000000000e+02	141	1.060000000000002e+00	1.000000000000000e+00
1.72461831370514e-06  	1.424600000000000e+02	142	1.060000000000002e+00	1.000000000000000e+00
1.76843257214753e-06  	1.435000000000000e+02	143	1.039999999999992e+00	1.000000000000000e+00
1.81157335714e-06     	1.445300000000000e+02	144	1.030000000000001e+00	1.000000000000000e+00
1.85406077671718e-06  	1.455500000000000e+02	145	1.020000000000010e+00	1.000000000000000e+00
1.89591405570365e-06  	1.465700000000000e+02	146	1.019999999999982e+00	1.000000000000000e+00
1.93715158657557e-06  	1.476100000000000e+02	147	1.040000000000020e+00	1.000000000000000e+00
1.97777414184211e-06  	1.486600000000000e+02	148	1.049999999999983e+00	1.000000000000000e+00
2.01779955052245e-06  	1.496700000000000e+02	149	1.009999999999991e+00	1.000000000000000e+00
2.05722900744377e-06  	1.506700000000000e+02	150	1.000000000000000e+00	1.000000000000000e+00
2.09604897216536e-06  	1.516600000000000e+02	151	9.900000000000091e-01	1.000000000000000e+00
2.13426284844476e-06  	1.526800000000000e+02	152	1.020000000000010e+00	1.000000000000000e+00
2.17186013509538e-06  	1.536600000000000e+02	153	9.799999999999898e-01	1.000000000000000e+00
2.20886018799436e-06  	1.546300000000000e+02	154	9.699999999999989e-01	1.000000000000000e+00
2.24526790944336e-06  	1.555900000000000e+02	155	9.600000000000080e-01	1.000000000000000e+00
2.28107550361572e-06  	1.565400000000000e+02	156	9.499999999999886e-01	1.000000000000000e+00
2.3163022247752e-06   	1.575000000000000e+02	157	9.600000000000080e-01	1.000000000000000e+00
2.3509541218221e-06   	1.584600000000000e+02	158	9.600000000000080e-01	1.000000000000000e+00
2.3850375584288e-06   	1.594600000000000e+02	159	1.000000000000000e+00	1.000000000000000e+00
2.41855918014637e-06  	1.604100000000000e+02	160	9.499999999999886e-01	1.000000000000000e+00
2.45153702428961e-06  	1.613400000000000e+02	161	9.300000000000068e-01	1.000000000000000e+00
2.4839882761112e-06   	1.623000000000000e+02	162	9.600000000000080e-01	1.000000000000000e+00
2.51592932154975e-06  	1.631900000000000e+02	163	8.899999999999864e-01	1.000000000000000e+00
2.54736565520936e-06  	1.641000000000000e+02	164	9.099999999999966e-01	1.000000000000000e+00
2.57832265468357e-06  	1.649900000000000e+02	165	8.900000000000148e-01	1.000000000000000e+00
2.60882411909976e-06  	1.658700000000000e+02	165	8.799999999999955e-01	0.000000000000000e+00
2.63887384939315e-06  	1.667600000000000e+02	166	8.899999999999864e-01	1.000000000000000e+00
2.66849390602553e-06  	1.676300000000000e+02	167	8.700000000000045e-01	1.000000000000000e+00
2.69770504230823e-06  	1.685100000000000e+02	168	8.799999999999955e-01	1.000000000000000e+00
2.72442910024772e-06  	1.693600000000000e+02	169	8.500000000000227e-01	1.000000000000000e+00
2.74917485728149e-06  	1.701800000000000e+02	170	8.199999999999932e-01	1.000000000000000e+00
2.77233533004709e-06  	1.709900000000000e+02	171	8.100000000000023e-01	1.000000000000000e+00
2.79420882041153e-06  	1.717800000000000e+02	171	7.899999999999920e-01	0.000000000000000e+00
2.81505501195766e-06  	1.725700000000000e+02	172	7.899999999999920e-01	1.000000000000000e+00
2.83497404146945e-06  	1.734000000000000e+02	173	8.300000000000125e-01	1.000000000000000e+00
2.85410854835376e-06  	1.741600000000000e+02	174	7.599999999999909e-01	1.000000000000000e+00
2.87255280342337e-06  	1.749000000000000e+02	174	7.400000000000091e-01	0.000000000000000e+00
2.89041039621554e-06  	1.756300000000000e+02	175	7.299999999999898e-01	1.000000000000000e+00
2.90776378964009e-06  	1.763500000000000e+02	176	7.199999999999989e-01	1.000000000000000e+00
2.92467586701517e-06  	1.770800000000000e+02	177	7.300000000000182e-01	1.000000000000000e+00
2.94120495336507e-06  	1.777900000000000e+02	177	7.099999999999795e-01	0.000000000000000e+00
2.95740031379335e-06  	1.785000000000000e+02	178	7.100000000000080e-01	1.000000000000000e+00
2.97331415434537e-06  	1.792000000000000e+02	179	6.999999999999886e-01	1.000000000000000e+00
2.98896109610406e-06  	1.798900000000000e+02	179	6.899999999999977e-01	0.000000000000000e+00
3.00419284973946e-06  	1.805600000000000e+02	180	6.700000000000159e-01	1.000000000000000e+00
3.01905582968894e-06  	1.812500000000000e+02	181	6.899999999999977e-01	1.000000000000000e+00
3.03358698704139e-06  	1.819500000000000e+02	182	6.999999999999886e-01	1.000000000000000e+00
3.04782163369626e-06  	1.826400000000000e+02	182	6.899999999999977e-01	0.000000000000000e+00
3.0617796207919e-06   	1.833200000000000e+02	183	6.800000000000068e-01	1.000000000000000e+00
3.07549082593747e-06  	1.839900000000000e+02	184	6.700000000000159e-01	1.000000000000000e+00
3.08897878991939e-06  	1.846600000000000e+02	184	6.699999999999875e-01	0.000000000000000e+00
3.10226701441001e-06  	1.853400000000000e+02	185	6.800000000000068e-01	1.000000000000000e+00
3.11536838447296e-06  	1.860200000000000e+02	186	6.800000000000068e-01	1.000000000000000e+00
3.12829840337267e-06  	1.867200000000000e+02	186	6.999999999999886e-01	0.000000000000000e+00
3.14107325522506e-06  	1.874200000000000e+02	187	6.999999999999886e-01	1.000000000000000e+00
3.15370812696322e-06  	1.880600000000000e+02	188	6.400000000000148e-01	1.000000000000000e+00
3.16621895138811e-06  	1.887200000000000e+02	188	6.599999999999966e-01	0.000000000000000e+00
3.17861923068746e-06  	1.893800000000000e+02	189	6.599999999999966e-01	1.000000000000000e+00
3.19092338379069e-06  	1.900300000000000e+02	190	6.500000000000057e-01	1.000000000000000e+00
3.20314366612043e-06  	1.906800000000000e+02	190	6.500000000000057e-01	0.000000000000000e+00
3.21529186596153e-06  	1.913200000000000e+02	191	6.399999999999864e-01	1.000000000000000e+00
3.22735527218539e-06  	1.919800000000000e+02	192	6.599999999999966e-01	1.000000000000000e+00
3.23931284598099e-06  	1.926200000000000e+02	192	6.400000000000148e-01	0.000000000000000e+00
3.25116932032899e-06  	1.932600000000000e+02	193	6.399999999999864e-01	1.000000000000000e+00
3.26292780728568e-06  	1.938900000000000e+02	193	6.299999999999955e-01	0.000000000000000e+00
3.27459693541508e-06  	1.945500000000000e+02	194	6.600000000000250e-01	1.000000000000000e+00
3.28618220347887e-06  	1.952000000000000e+02	195	6.499999999999773e-01	1.000000000000000e+00
3.29769027318336e-06  	1.958400000000000e+02	195	6.400000000000148e-01	0.000000000000000e+00
3.309120806248e-06    	1.964600000000000e+02	196	6.200000000000045e-01	1.000000000000000e+00
3.3204815017237e-06   	1.971000000000000e+02	197	6.399999999999864e-01	1.000000000000000e+00
3.33178243901164e-06  	1.977500000000000e+02	197	6.500000000000057e-01	0.000000000000000e+00
3.34303208611521e-06  	1.983800000000000e+02	198	6.299999999999955e-01	1.000000000000000e+00
3.35423739192484e-06  	1.990000000000000e+02	199	6.200000000000045e-01	1.000000000000000e+00
3.36540385785298e-06  	1.996200000000000e+02	199	6.200000000000045e-01	0.000000000000000e+00
3.37654329256678e-06  	2.002400000000000e+02	200	6.200000000000045e-01	1.000000000000000e+00
3.38763159377259e-06  	2.008700000000000e+02	200	6.299999999999955e-01	0.000000000000000e+00
3.39865034016928e-06  	2.014800000000000e+02	201	6.099999999999852e-01	1.000000000000000e+00
3.40960535827541e-06  	2.021100000000000e+02	202	6.300000000000239e-01	1.000000000000000e+00
3.42050105987064e-06  	2.027300000000000e+02	202	6.199999999999761e-01	0.000000000000000e+00
3.43134537818864e-06  	2.033400000000000e+02	203	6.100000000000136e-01	1.000000000000000e+00
3.44214241023491e-06  	2.039400000000000e+02	204	5.999999999999943e-01	1.000000000000000e+00
3.4528913646588e-06   	2.045700000000000e+02	204	6.299999999999955e-01	0.000000000000000e+00
3.46359740908498e-06  	2.051900000000000e+02	205	6.200000000000045e-01	1.000000000000000e+00
3.47427031152732e-06  	2.057900000000000e+02	205	5.999999999999943e-01	0.000000000000000e+00
3.48491614032278e-06  	2.064200000000000e+02	206	6.299999999999955e-01	1.000000000000000e+00
3.49554204408362e-06  	2.070500000000000e+02	207	6.300000000000239e-01	1.000000000000000e+00
3.5061225131063e-06   	2.076700000000000e+02	207	6.199999999999761e-01	0.000000000000000e+00
3.51664070337084e-06  	2.082700000000000e+02	208	6.000000000000227e-01	1.000000000000000e+00
3.5271030064826e-06   	2.088900000000000e+02	208	6.199999999999761e-01	0.000000000000000e+00
3.53751337628874e-06  	2.094900000000000e+02	209	6.000000000000227e-01	1.000000000000000e+00
3.54788122738759e-06  	2.100900000000000e+02	210	5.999999999999943e-01	1.000000000000000e+00
3.55821685948924e-06  	2.107000000000000e+02	210	6.099999999999852e-01	0.000000000000000e+00
3.56851716741838e-06  	2.113200000000000e+02	211	6.200000000000045e-01	1.000000000000000e+00
3.57878894871712e-06  	2.119300000000000e+02	212	6.100000000000136e-01	1.000000000000000e+00
3.58904325171099e-06  	2.125200000000000e+02	212	5.900000000000034e-01	0.000000000000000e+00
3.5992681914446e-06   	2.131200000000000e+02	213	5.999999999999943e-01	1.000000000000000e+00
3.60943168451878e-06  	2.137400000000000e+02	213	6.200000000000045e-01	0.000000000000000e+00
3.61953657688857e-06  	2.143400000000000e+02	214	5.999999999999943e-01	1.000000000000000e+00
3.62959296914892e-06  	2.149300000000000e+02	215	5.900000000000034e-01	1.000000000000000e+00
3.63960964174333e-06  	2.155400000000000e+02	215	6.099999999999852e-01	0.000000000000000e+00
3.64959620930041e-06  	2.161400000000000e+02	216	5.999999999999943e-01	1.000000000000000e+00
3.65955593679583e-06  	2.167400000000000e+02	216	6.000000000000227e-01	0.000000000000000e+00
3.66949819108512e-06  	2.173300000000000e+02	217	5.900000000000034e-01	1.000000000000000e+00
3.6794261001657e-06   	2.179500000000000e+02	218	6.199999999999761e-01	1.000000000000000e+00
3.68929501142593e-06  	2.185400000000000e+02	218	5.900000000000034e-01	0.000000000000000e+00
3.69910861495034e-06  	2.191500000000000e+02	219	6.100000000000136e-01	1.000000000000000e+00
3.70887543963443e-06  	2.197500000000000e+02	219	5.999999999999943e-01	0.000000000000000e+00
3.71860574729008e-06  	2.203500000000000e+02	220	5.999999999999943e-01	1.000000000000000e+00
3.72830859867098e-06  	2.209500000000000e+02	221	5.999999999999943e-01	1.000000000000000e+00
3.73798706367564e-06  	2.215400000000000e+02	221	5.900000000000034e-01	0.000000000000000e+00
3.74765192441222e-06  	2.221500000000000e+02	222	6.100000000000136e-01	1.000000000000000e+00
3.75729548197916e-06  	2.227600000000000e+02	222	6.099999999999852e-01	0.000000000000000e+00
3.76688140872398e-06  	2.233700000000000e+02	223	6.100000000000136e-01	1.000000000000000e+00
3.7764198286458e-06   	2.239800000000000e+02	224	6.099999999999852e-01	1.000000000000000e+00
3.78591682629398e-06  	2.245800000000000e+02	224	6.000000000000227e-01	0.000000000000000e+00
3.79538205828352e-06  	2.251800000000000e+02	225	5.999999999999943e-01	1.000000000000000e+00
3.8048259198661e-06   	2.257900000000000e+02	225	6.099999999999852e-01	0.000000000000000e+00
3.8142503515385e-06   	2.263900000000000e+02	226	5.999999999999943e-01	1.000000000000000e+00
3.82366555804285e-06  	2.270000000000000e+02	227	6.100000000000136e-01	1.000000000000000e+00
3.83303581665956e-06  	2.276100000000000e+02	227	6.100000000000136e-01	0.000000000000000e+00
3.84235612720263e-06  	2.282100000000000e+02	228	5.999999999999943e-01	1.000000000000000e+00
3.85163327567082e-06  	2.288200000000000e+02	228	6.099999999999852e-01	0.000000000000000e+00
3.86087742207254e-06  	2.294300000000000e+02	229	6.100000000000136e-01	1.000000000000000e+00
3.8700985157401e-06   	2.300400000000000e+02	230	6.099999999999852e-01	1.000000000000000e+00
3.8792984297495e-06   	2.306400000000000e+02	230	5.999999999999943e-01	0.000000000000000e+00
3.88848778936425e-06  	2.312500000000000e+02	231	6.100000000000136e-01	1.000000000000000e+00
3.89764824611326e-06  	2.318500000000000e+02	231	5.999999999999943e-01	0.000000000000000e+00
3.90675920096289e-06  	2.324400000000000e+02	232	5.900000000000034e-01	1.000000000000000e+00
3.91582973530299e-06  	2.330500000000000e+02	233	6.100000000000136e-01	1.000000000000000e+00
3.92486784745281e-06  	2.336800000000000e+02	233	6.299999999999955e-01	0.000000000000000e+00
3.93388390715181e-06  	2.342800000000000e+02	234	5.999999999999943e-01	1.000000000000000e+00
3.94288054660609e-06  	2.349100000000000e+02	234	6.299999999999955e-01	0.000000000000000e+00
3.95186708598802e-06  	2.355300000000000e+02	235	6.200000000000045e-01	1.000000000000000e+00
3.96082763575143e-06  	2.361300000000000e+02	236	5.999999999999943e-01	1.000000000000000e+00
3.9697416112818e-06   	2.367300000000000e+02	236	5.999999999999943e-01	0.000000000000000e+00
3.97861768655574e-06  	2.373300000000000e+02	237	6.000000000000227e-01	1.000000000000000e+00
3.98746513724342e-06  	2.379500000000000e+02	238	6.199999999999761e-01	1.000000000000000e+00
3.99629468799409e-06  	2.385500000000000e+02	238	6.000000000000227e-01	0.000000000000000e+00
4.0051080273232e-06   	2.391500000000000e+02	239	5.999999999999943e-01	1.000000000000000e+00
4.01391570619032e-06  	2.397600000000000e+02	239	6.099999999999852e-01	0.000000000000000e+00
4.02268716596312e-06  	2.403600000000000e+02	240	6.000000000000227e-01	1.000000000000000e+00
4.03141634402897e-06  	2.409600000000000e+02	241	5.999999999999943e-01	1.000000000000000e+00
4.04011308926286e-06  	2.415600000000000e+02	241	5.999999999999943e-01	0.000000000000000e+00
4.04878625330035e-06  	2.421700000000000e+02	242	6.099999999999852e-01	1.000000000000000e+00
4.0574453286317e-06   	2.428000000000000e+02	242	6.300000000000239e-01	0.000000000000000e+00
4.0660926972366e-06   	2.434100000000000e+02	243	6.099999999999852e-01	1.000000000000000e+00
4.07472916710541e-06  	2.440400000000000e+02	244	6.299999999999955e-01	1.000000000000000e+00
4.08332000275228e-06  	2.446500000000000e+02	244	6.100000000000136e-01	0.000000000000000e+00
4.09187406321756e-06  	2.452500000000000e+02	245	5.999999999999943e-01	1.000000000000000e+00
4.10039998782746e-06  	2.458600000000000e+02	245	6.100000000000136e-01	0.000000000000000e+00
4.10890851413499e-06  	2.464700000000000e+02	246	6.099999999999852e-01	1.000000000000000e+00
4.11740422526159e-06  	2.470700000000000e+02	247	5.999999999999943e-01	1.000000000000000e+00
4.1258969263931e-06   	2.476600000000000e+02	247	5.900000000000034e-01	0.000000000000000e+00
4.13435516221785e-06  	2.482500000000000e+02	248	5.900000000000034e-01	1.000000000000000e+00
4.14277476917708e-06  	2.488600000000000e+02	248	6.100000000000136e-01	0.000000000000000e+00
4.1511656327302e-06   	2.494700000000000e+02	249	6.099999999999852e-01	1.000000000000000e+00
4.15953670996752e-06  	2.500800000000000e+02	250	6.100000000000136e-01	1.000000000000000e+00
4.16789318945919e-06  	2.506600000000000e+02	250	5.799999999999841e-01	0.000000000000000e+00
4.17620041092335e-06  	2.512500000000000e+02	251	5.900000000000034e-01	1.000000000000000e+00
4.1844589474733e-06   	2.518600000000000e+02	251	6.100000000000136e-01	0.000000000000000e+00
4.19267076964098e-06  	2.524600000000000e+02	252	5.999999999999943e-01	1.000000000000000e+00
4.20083500732572e-06  	2.530500000000000e+02	253	5.900000000000034e-01	1.000000000000000e+00
4.20895358063018e-06  	2.536300000000000e+02	253	5.799999999999841e-01	0.000000000000000e+00
4.21702563307978e-06  	2.542300000000000e+02	254	5.999999999999943e-01	1.000000000000000e+00
4.22505236352199e-06  	2.548200000000000e+02	254	5.900000000000034e-01	0.000000000000000e+00
4.23301900365146e-06  	2.554000000000000e+02	255	5.800000000000125e-01	1.000000000000000e+00
4.24092840082658e-06  	2.560000000000000e+02	256	5.999999999999943e-01	1.000000000000000e+00
4.24878007937686e-06  	2.565900000000000e+02	256	5.899999999999750e-01	0.000000000000000e+00
4.25657550556921e-06  	2.571900000000000e+02	257	6.000000000000227e-01	1.000000000000000e+00
4.26431610096855e-06  	2.577800000000000e+02	257	5.899999999999750e-01	0.000000000000000e+00
4.27200201008054e-06  	2.583700000000000e+02	258	5.900000000000318e-01	1.000000000000000e+00
4.27963460440281e-06  	2.589500000000000e+02	259	5.799999999999841e-01	1.000000000000000e+00
4.28721461433278e-06  	2.595400000000000e+02	259	5.900000000000318e-01	0.000000000000000e+00
4.29474275538875e-06  	2.601300000000000e+02	260	5.899999999999750e-01	1.000000000000000e+00
4.30222031279516e-06  	2.607200000000000e+02	260	5.900000000000318e-01	0.000000000000000e+00
4.30964795791214e-06  	2.613100000000000e+02	261	5.899999999999750e-01	1.000000000000000e+00
4.31702691781668e-06  	2.619000000000000e+02	261	5.899999999999750e-01	0.000000000000000e+00
4.324357822895e-06    	2.624900000000000e+02	262	5.900000000000318e-01	1.000000000000000e+00
4.33164073696801e-06  	2.630900000000000e+02	263	5.999999999999659e-01	1.000000000000000e+00
4.33887737533889e-06  	2.636800000000000e+02	263	5.900000000000318e-01	0.000000000000000e+00
4.34606831893241e-06  	2.642500000000000e+02	264	5.699999999999932e-01	1.000000000000000e+00
4.35321360403595e-06  	2.648400000000000e+02	264	5.899999999999750e-01	0.000000000000000e+00
4.36031485775902e-06  	2.654300000000000e+02	265	5.900000000000318e-01	1.000000000000000e+00
4.36737209544661e-06  	2.660100000000000e+02	266	5.799999999999841e-01	1.000000000000000e+00
4.37438585620235e-06  	2.665800000000000e+02	266	5.699999999999932e-01	0.000000000000000e+00
4.381357177493e-06    	2.671700000000000e+02	267	5.900000000000318e-01	1.000000000000000e+00
4.38828656678371e-06  	2.677700000000000e+02	267	5.999999999999659e-01	0.000000000000000e+00
4.39517452250975e-06  	2.683600000000000e+02	268	5.900000000000318e-01	1.000000000000000e+00
4.40202153428927e-06  	2.689300000000000e+02	269	5.699999999999932e-01	1.000000000000000e+00
4.40882905251656e-06  	2.695200000000000e+02	269	5.899999999999750e-01	0.000000000000000e+00
4.41559704819395e-06  	2.701000000000000e+02	270	5.800000000000409e-01	1.000000000000000e+00
4.42232692237207e-06  	2.706900000000000e+02	270	5.899999999999750e-01	0.000000000000000e+00
4.42901816243631e-06  	2.712800000000000e+02	271	5.899999999999750e-01	1.000000000000000e+00
4.4356721331832e-06   	2.718600000000000e+02	271	5.800000000000409e-01	0.000000000000000e+00
4.44228970314835e-06  	2.724900000000000e+02	272	6.299999999999955e-01	1.000000000000000e+00
4.4488712659486e-06   	2.730800000000000e+02	273	5.899999999999750e-01	1.000000000000000e+00
4.45541720886386e-06  	2.736600000000000e+02	273	5.800000000000409e-01	0.000000000000000e+00
4.46192835666209e-06  	2.742500000000000e+02	274	5.899999999999750e-01	1.000000000000000e+00
4.46840551406164e-06  	2.748200000000000e+02	274	5.699999999999932e-01	0.000000000000000e+00
4.47484859725351e-06  	2.754000000000000e+02	275	5.799999999999841e-01	1.000000000000000e+00
4.48125839067784e-06  	2.759800000000000e+02	276	5.800000000000409e-01	1.000000000000000e+00
4.48763566011363e-06  	2.765600000000000e+02	276	5.799999999999841e-01	0.000000000000000e+00
4.49398031032885e-06  	2.771400000000000e+02	277	5.799999999999841e-01	1.000000000000000e+00
4.50029308841661e-06  	2.777200000000000e+02	277	5.800000000000409e-01	0.000000000000000e+00
4.5065747240748e-06   	2.783000000000000e+02	278	5.799999999999841e-01	1.000000000000000e+00
4.51282511190541e-06  	2.788800000000000e+02	278	5.799999999999841e-01	0.000000000000000e+00
4.51904536953605e-06  	2.794500000000000e+02	279	5.699999999999932e-01	1.000000000000000e+00
4.52523498153077e-06  	2.800300000000000e+02	280	5.799999999999841e-01	1.000000000000000e+00
4.53139464379003e-06  	2.806000000000000e+02	280	5.700000000000500e-01	0.000000000000000e+00
4.53752464284975e-06  	2.811700000000000e+02	281	5.699999999999932e-01	1.000000000000000e+00
4.54362565105306e-06  	2.817300000000000e+02	281	5.600000000000023e-01	0.000000000000000e+00
4.54969755324433e-06  	2.823100000000000e+02	282	5.799999999999841e-01	1.000000000000000e+00
4.5557406239912e-06   	2.828800000000000e+02	282	5.699999999999932e-01	0.000000000000000e+00
4.56175551303682e-06  	2.834600000000000e+02	283	5.799999999999841e-01	1.000000000000000e+00
4.56774210471208e-06  	2.840200000000000e+02	284	5.600000000000023e-01	1.000000000000000e+00
4.57370177859551e-06  	2.845800000000000e+02	284	5.600000000000023e-01	0.000000000000000e+00
4.57963477400843e-06  	2.851500000000000e+02	285	5.699999999999932e-01	1.000000000000000e+00
4.58554096150694e-06  	2.857300000000000e+02	285	5.800000000000409e-01	0.000000000000000e+00
4.59142058062442e-06  	2.863000000000000e+02	286	5.699999999999932e-01	1.000000000000000e+00
4.59727386770537e-06  	2.868600000000000e+02	286	5.600000000000023e-01	0.000000000000000e+00
4.60310105596168e-06  	2.874500000000000e+02	287	5.899999999999750e-01	1.000000000000000e+00
4.60890167002856e-06  	2.880200000000000e+02	288	5.699999999999932e-01	1.000000000000000e+00
4.61467629914231e-06  	2.885900000000000e+02	288	5.699999999999932e-01	0.000000000000000e+00
4.62042517352158e-06  	2.891600000000000e+02	289	5.700000000000500e-01	1.000000000000000e+00
4.62614852034585e-06  	2.897200000000000e+02	289	5.600000000000023e-01	0.000000000000000e+00
4.63184656380861e-06  	2.903100000000000e+02	290	5.899999999999750e-01	1.000000000000000e+00
4.6375195251694e-06   	2.908700000000000e+02	290	5.600000000000023e-01	0.000000000000000e+00
4.6431679573482e-06   	2.914500000000000e+02	291	5.799999999999841e-01	1.000000000000000e+00
4.64879207011982e-06  	2.920300000000000e+02	292	5.799999999999841e-01	1.000000000000000e+00
4.65439239949429e-06  	2.926600000000000e+02	292	6.300000000000523e-01	0.000000000000000e+00
4.65996914439694e-06  	2.932500000000000e+02	293	5.899999999999750e-01	1.000000000000000e+00
4.66552250127343e-06  	2.938300000000000e+02	293	5.799999999999841e-01	0.000000000000000e+00
4.6710533057927e-06   	2.944000000000000e+02	294	5.699999999999932e-01	1.000000000000000e+00
4.67656173909296e-06  	2.949700000000000e+02	295	5.700000000000500e-01	1.000000000000000e+00
4.68204798014395e-06  	2.955300000000000e+02	295	5.599999999999454e-01	0.000000000000000e+00
4.68751251904321e-06  	2.961100000000000e+02	296	5.800000000000409e-01	1.000000000000000e+00
4.69295552558087e-06  	2.966900000000000e+02	296	5.799999999999841e-01	0.000000000000000e+00
4.69837716756701e-06  	2.972500000000000e+02	297	5.600000000000023e-01	1.000000000000000e+00
4.70377791690581e-06  	2.978100000000000e+02	297	5.600000000000023e-01	0.000000000000000e+00
4.70915823658078e-06  	2.983800000000000e+02	298	5.699999999999932e-01	1.000000000000000e+00
4.71451827942944e-06  	2.989500000000000e+02	299	5.699999999999932e-01	1.000000000000000e+00
4.71985819658482e-06  	2.995200000000000e+02	299	5.699999999999932e-01	0.000000000000000e+00
4.72517843455474e-06  	3.000800000000000e+02	300	5.600000000000023e-01	1.000000000000000e+00
4.73047943169298e-06  	3.006300000000000e+02	300	5.500000000000114e-01	0.000000000000000e+00
4.73576132560928e-06  	3.012000000000000e+02	301	5.699999999999932e-01	1.000000000000000e+00
4.74102425244616e-06  	3.017700000000000e+02	301	5.699999999999932e-01	0.000000000000000e+00
4.74626863560777e-06  	3.023300000000000e+02	302	5.600000000000023e-01	1.000000000000000e+00
4.75149460430061e-06  	3.029000000000000e+02	302	5.699999999999932e-01	0.000000000000000e+00
4.7567025711329e-06   	3.034900000000000e+02	303	5.900000000000318e-01	1.000000000000000e+00
4.76189265872643e-06  	3.040500000000000e+02	304	5.600000000000023e-01	1.000000000000000e+00
4.76706498845766e-06  	3.046100000000000e+02	304	5.600000000000023e-01	0.000000000000000e+00
4.77221968047453e-06  	3.051700000000000e+02	305	5.600000000000023e-01	1.000000000000000e+00
4.77735685371289e-06  	3.057300000000000e+02	305	5.600000000000023e-01	0.000000000000000e+00
4.78247662591281e-06  	3.062900000000000e+02	306	5.600000000000023e-01	1.000000000000000e+00
4.78757911363448e-06  	3.068700000000000e+02	306	5.799999999999841e-01	0.000000000000000e+00
4.79266443227392e-06  	3.074400000000000e+02	307	5.699999999999932e-01	1.000000000000000e+00
4.79773269607844e-06  	3.080000000000000e+02	308	5.600000000000023e-01	1.000000000000000e+00
4.80278401816173e-06  	3.085700000000000e+02	308	5.699999999999932e-01	0.000000000000000e+00
4.80781851051891e-06  	3.091200000000000e+02	309	5.500000000000114e-01	1.000000000000000e+00
4.81283601955799e-06  	3.096800000000000e+02	309	5.600000000000023e-01	0.000000000000000e+00
4.81783692131172e-06  	3.102400000000000e+02	310	5.600000000000023e-01	1.000000000000000e+00
4.82282080250759e-06  	3.108000000000000e+02	310	5.600000000000023e-01	0.000000000000000e+00
4.82778751853313e-06  	3.113600000000000e+02	311	5.600000000000023e-01	1.000000000000000e+00
4.83273744376751e-06  	3.119100000000000e+02	311	5.500000000000114e-01	0.000000000000000e+00
4.8376706904917e-06   	3.124900000000000e+02	312	5.799999999999841e-01	1.000000000000000e+00
4.84258736986703e-06  	3.130500000000000e+02	313	5.600000000000023e-01	1.000000000000000e+00
4.84748759195005e-06  	3.136000000000000e+02	313	5.500000000000114e-01	0.000000000000000e+00
4.85237146570707e-06  	3.141600000000000e+02	314	5.600000000000023e-01	1.000000000000000e+00
4.85723959712351e-06  	3.147200000000000e+02	314	5.600000000000023e-01	0.000000000000000e+00
4.86209183908612e-06  	3.152800000000000e+02	315	5.599999999999454e-01	1.000000000000000e+00
4.86692854006023e-06  	3.158300000000000e+02	315	5.500000000000114e-01	0.000000000000000e+00
4.87174979849627e-06  	3.163900000000000e+02	316	5.600000000000023e-01	1.000000000000000e+00
4.87655571191456e-06  	3.169400000000000e+02	317	5.500000000000114e-01	1.000000000000000e+00
4.88134661819953e-06  	3.175100000000000e+02	317	5.699999999999932e-01	0.000000000000000e+00
4.88612284985315e-06  	3.180700000000000e+02	318	5.600000000000023e-01	1.000000000000000e+00
4.89088425739971e-06  	3.186400000000000e+02	318	5.699999999999932e-01	0.000000000000000e+00
4.89563116874642e-06  	3.191900000000000e+02	319	5.500000000000114e-01	1.000000000000000e+00
4.90036390668278e-06  	3.197500000000000e+02	319	5.600000000000023e-01	0.000000000000000e+00
4.9050825548962e-06   	3.203000000000000e+02	320	5.500000000000114e-01	1.000000000000000e+00
4.90978719633711e-06  	3.208500000000000e+02	320	5.500000000000114e-01	0.000000000000000e+00
4.91447814462796e-06  	3.214200000000000e+02	321	5.699999999999932e-01	1.000000000000000e+00
4.91915524850672e-06  	3.219800000000000e+02	322	5.600000000000023e-01	1.000000000000000e+00
4.92381881750572e-06  	3.225400000000000e+02	322	5.600000000000023e-01	0.000000000000000e+00
4.92846915652174e-06  	3.231000000000000e+02	323	5.600000000000023e-01	1.000000000000000e+00
4.93310611359355e-06  	3.236600000000000e+02	323	5.600000000000023e-01	0.000000000000000e+00
4.93772998975534e-06  	3.242100000000000e+02	324	5.499999999999545e-01	1.000000000000000e+00
4.94234063433824e-06  	3.247700000000000e+02	324	5.600000000000023e-01	0.000000000000000e+00
4.94693834458568e-06  	3.253200000000000e+02	325	5.500000000000114e-01	1.000000000000000e+00
4.95152319224415e-06  	3.258800000000000e+02	325	5.600000000000023e-01	0.000000000000000e+00
4.95609524846656e-06  	3.264400000000000e+02	326	5.600000000000023e-01	1.000000000000000e+00
4.96065458381874e-06  	3.269800000000000e+02	327	5.400000000000205e-01	1.000000000000000e+00
4.96520126828586e-06  	3.275300000000000e+02	327	5.499999999999545e-01	0.000000000000000e+00
4.96973537127878e-06  	3.280900000000000e+02	328	5.600000000000023e-01	1.000000000000000e+00
4.9742567465109e-06   	3.286400000000000e+02	328	5.500000000000114e-01	0.000000000000000e+00
4.97876589253223e-06  	3.291800000000000e+02	329	5.400000000000205e-01	1.000000000000000e+00
4.98326266192826e-06  	3.297400000000000e+02	329	5.600000000000023e-01	0.000000000000000e+00
4.98774712187436e-06  	3.302800000000000e+02	330	5.399999999999636e-01	1.000000000000000e+00
4.99183141458291e-06  	3.308600000000000e+02	330	5.800000000000409e-01	0.000000000000000e+00
4.99591570729146e-06  	3.314200000000000e+02	331	5.600000000000023e-01	1.000000000000000e+00
5e-06                 	3.319700000000000e+02	332	5.500000000000114e-01	1.000000000000000e+00
5.00443925233645e-06  	3.374800000000000e+02	337	5.509999999999991e+00	5.000000000000000e+00
5.00886691771737e-06  	3.380300000000000e+02	338	5.499999999999545e-01	1.000000000000000e+00
5.01328305593598e-06  	3.385800000000000e+02	338	5.500000000000114e-01	0.000000000000000e+00
5.01768772632522e-06  	3.391400000000000e+02	339	5.600000000000023e-01	1.000000000000000e+00
5.02208098776249e-06  	3.396900000000000e+02	339	5.500000000000114e-01	0.000000000000000e+00
5.02646310084786e-06  	3.402500000000000e+02	340	5.600000000000023e-01	1.000000000000000e+00
5.030834322687e-06    	3.407900000000000e+02	340	5.400000000000205e-01	0.000000000000000e+00
5.03519470678605e-06  	3.413400000000000e+02	341	5.499999999999545e-01	1.000000000000000e+00
5.03954450548948e-06  	3.418900000000000e+02	341	5.500000000000114e-01	0.000000000000000e+00
5.04388376958629e-06  	3.424500000000000e+02	342	5.600000000000023e-01	1.000000000000000e+00
5.04821254950197e-06  	3.429900000000000e+02	343	5.400000000000205e-01	1.000000000000000e+00
5.05253109170648e-06  	3.435500000000000e+02	343	5.600000000000023e-01	0.000000000000000e+00
5.05683944404826e-06  	3.441100000000000e+02	344	5.600000000000023e-01	1.000000000000000e+00
5.061137848637e-06    	3.446600000000000e+02	344	5.500000000000114e-01	0.000000000000000e+00
5.06542635085722e-06  	3.452100000000000e+02	345	5.499999999999545e-01	1.000000000000000e+00
5.06970538149137e-06  	3.457400000000000e+02	345	5.300000000000296e-01	0.000000000000000e+00
5.073974405848e-06    	3.462900000000000e+02	346	5.500000000000114e-01	1.000000000000000e+00
5.07823404352331e-06  	3.468300000000000e+02	346	5.399999999999636e-01	0.000000000000000e+00
5.08248376442036e-06  	3.473800000000000e+02	347	5.500000000000114e-01	1.000000000000000e+00
5.08672399297678e-06  	3.479500000000000e+02	348	5.699999999999932e-01	1.000000000000000e+00
5.09095458250239e-06  	3.485100000000000e+02	348	5.600000000000023e-01	0.000000000000000e+00
5.09517576402781e-06  	3.490600000000000e+02	349	5.500000000000114e-01	1.000000000000000e+00
5.09938757888761e-06  	3.496100000000000e+02	349	5.500000000000114e-01	0.000000000000000e+00
5.10359006814548e-06  	3.501600000000000e+02	350	5.500000000000114e-01	1.000000000000000e+00
5.10778345789059e-06  	3.507100000000000e+02	350	5.499999999999545e-01	0.000000000000000e+00
5.11196741805559e-06  	3.512600000000000e+02	351	5.500000000000114e-01	1.000000000000000e+00
5.11614254159067e-06  	3.518000000000000e+02	351	5.400000000000205e-01	0.000000000000000e+00
5.12030831660312e-06  	3.523500000000000e+02	352	5.500000000000114e-01	1.000000000000000e+00
5.12446514865934e-06  	3.529000000000000e+02	352	5.499999999999545e-01	0.000000000000000e+00
5.12861289434665e-06  	3.534500000000000e+02	353	5.500000000000114e-01	1.000000000000000e+00
5.13275159290729e-06  	3.540000000000000e+02	354	5.500000000000114e-01	1.000000000000000e+00
5.13688182271299e-06  	3.545400000000000e+02	354	5.400000000000205e-01	0.000000000000000e+00
5.1410030807796e-06   	3.550900000000000e+02	355	5.499999999999545e-01	1.000000000000000e+00
5.14511576219817e-06  	3.556400000000000e+02	355	5.500000000000114e-01	0.000000000000000e+00
5.1492199022223e-06   	3.561800000000000e+02	356	5.400000000000205e-01	1.000000000000000e+00
5.15331535904863e-06  	3.567200000000000e+02	356	5.400000000000205e-01	0.000000000000000e+00
5.15740269732232e-06  	3.572700000000000e+02	357	5.499999999999545e-01	1.000000000000000e+00
5.16148159794604e-06  	3.578300000000000e+02	357	5.600000000000023e-01	0.000000000000000e+00
5.16555227003815e-06  	3.583700000000000e+02	358	5.400000000000205e-01	1.000000000000000e+00
5.16961492041428e-06  	3.589100000000000e+02	358	5.400000000000205e-01	0.000000000000000e+00
5.17366958028599e-06  	3.594500000000000e+02	359	5.399999999999636e-01	1.000000000000000e+00
5.17771628068371e-06  	3.600000000000000e+02	360	5.500000000000114e-01	1.000000000000000e+00
5.18175505245811e-06  	3.605500000000000e+02	360	5.500000000000114e-01	0.000000000000000e+00
5.18578609764761e-06  	3.610900000000000e+02	361	5.399999999999636e-01	1.000000000000000e+00
5.18980944543265e-06  	3.616500000000000e+02	361	5.600000000000023e-01	0.000000000000000e+00
5.19382512482929e-06  	3.621900000000000e+02	362	5.400000000000205e-01	1.000000000000000e+00
5.19783333414207e-06  	3.627400000000000e+02	362	5.500000000000114e-01	0.000000000000000e+00
5.20183393196736e-06  	3.632900000000000e+02	363	5.500000000000114e-01	1.000000000000000e+00
5.20582694683902e-06  	3.638400000000000e+02	363	5.499999999999545e-01	0.000000000000000e+00
5.20981257470032e-06  	3.644100000000000e+02	364	5.700000000000500e-01	1.000000000000000e+00
5.2137908425236e-06   	3.649500000000000e+02	365	5.399999999999636e-01	1.000000000000000e+00
5.2177617771343e-06   	3.654900000000000e+02	365	5.400000000000205e-01	0.000000000000000e+00
5.22172540521203e-06  	3.660300000000000e+02	366	5.399999999999636e-01	1.000000000000000e+00
5.22568191844914e-06  	3.665800000000000e+02	366	5.500000000000114e-01	0.000000000000000e+00
5.22963117747412e-06  	3.671200000000000e+02	367	5.400000000000205e-01	1.000000000000000e+00
5.23357337251666e-06  	3.676700000000000e+02	367	5.500000000000114e-01	0.000000000000000e+00
5.23750852850982e-06  	3.682200000000000e+02	368	5.500000000000114e-01	1.000000000000000e+00
5.24143650743092e-06  	3.687600000000000e+02	368	5.399999999999636e-01	0.000000000000000e+00
5.24535765960723e-06  	3.693000000000000e+02	369	5.400000000000205e-01	1.000000000000000e+00
5.24927184674951e-06  	3.698400000000000e+02	369	5.399999999999636e-01	0.000000000000000e+00
5.25317909327129e-06  	3.703900000000000e+02	370	5.500000000000114e-01	1.000000000000000e+00
5.25707958402535e-06  	3.709500000000000e+02	371	5.600000000000023e-01	1.000000000000000e+00
5.26097318203694e-06  	3.715200000000000e+02	371	5.699999999999932e-01	0.000000000000000e+00
5.26486007080439e-06  	3.720700000000000e+02	372	5.500000000000114e-01	1.000000000000000e+00
5.26874027313612e-06  	3.726100000000000e+02	372	5.400000000000205e-01	0.000000000000000e+00
5.27261397011943e-06  	3.731500000000000e+02	373	5.399999999999636e-01	1.000000000000000e+00
5.27648102539498e-06  	3.737000000000000e+02	373	5.500000000000114e-01	0.000000000000000e+00
5.28034161876695e-06  	3.742300000000000e+02	374	5.300000000000296e-01	1.000000000000000e+00
5.28419577153311e-06  	3.747800000000000e+02	374	5.499999999999545e-01	0.000000000000000e+00
5.28804350488656e-06  	3.753100000000000e+02	375	5.300000000000296e-01	1.000000000000000e+00
5.29188483991638e-06  	3.758700000000000e+02	375	5.600000000000023e-01	0.000000000000000e+00
5.29571933180512e-06  	3.764100000000000e+02	376	5.400000000000205e-01	1.000000000000000e+00
5.29954684991805e-06  	3.769500000000000e+02	377	5.399999999999636e-01	1.000000000000000e+00
5.30336757343738e-06  	3.775000000000000e+02	377	5.500000000000114e-01	0.000000000000000e+00
5.30718152617114e-06  	3.780500000000000e+02	378	5.500000000000114e-01	1.000000000000000e+00
5.31098903797145e-06  	3.785900000000000e+02	378	5.399999999999636e-01	0.000000000000000e+00
5.31478982514931e-06  	3.791300000000000e+02	379	5.400000000000205e-01	1.000000000000000e+00
5.31858406318477e-06  	3.796800000000000e+02	379	5.500000000000114e-01	0.000000000000000e+00
5.32237162282702e-06  	3.802300000000000e+02	380	5.500000000000114e-01	1.000000000000000e+00
5.32615282928004e-06  	3.807700000000000e+02	380	5.399999999999636e-01	0.000000000000000e+00
5.32992755306181e-06  	3.813200000000000e+02	381	5.500000000000114e-01	1.000000000000000e+00
5.33369581610551e-06  	3.818700000000000e+02	381	5.500000000000114e-01	0.000000000000000e+00
5.33745764023363e-06  	3.824200000000000e+02	382	5.500000000000114e-01	1.000000000000000e+00
5.34121319614729e-06  	3.829800000000000e+02	383	5.600000000000023e-01	1.000000000000000e+00
5.34496250445338e-06  	3.835200000000000e+02	383	5.399999999999636e-01	0.000000000000000e+00
5.3487054376455e-06   	3.840600000000000e+02	384	5.400000000000205e-01	1.000000000000000e+00
5.35244216463177e-06  	3.846100000000000e+02	384	5.500000000000114e-01	0.000000000000000e+00
5.35617285276088e-06  	3.851600000000000e+02	385	5.500000000000114e-01	1.000000000000000e+00
5.35989737470599e-06  	3.857000000000000e+02	385	5.399999999999636e-01	0.000000000000000e+00
5.36361589667469e-06  	3.862400000000000e+02	386	5.400000000000205e-01	1.000000000000000e+00
5.36732843773244e-06  	3.868000000000000e+02	386	5.600000000000023e-01	0.000000000000000e+00
5.37103501685438e-06  	3.873500000000000e+02	387	5.500000000000114e-01	1.000000000000000e+00
5.37473565292584e-06  	3.878900000000000e+02	387	5.399999999999636e-01	0.000000000000000e+00
5.37843050901124e-06  	3.884400000000000e+02	388	5.500000000000114e-01	1.000000000000000e+00
5.38211945908886e-06  	3.889900000000000e+02	389	5.500000000000114e-01	1.000000000000000e+00
5.38580266515141e-06  	3.895400000000000e+02	389	5.500000000000114e-01	0.000000000000000e+00
5.38948014483638e-06  	3.900800000000000e+02	390	5.399999999999636e-01	1.000000000000000e+00
5.39315191570047e-06  	3.906300000000000e+02	390	5.500000000000114e-01	0.000000000000000e+00
5.39681799522013e-06  	3.911700000000000e+02	391	5.400000000000205e-01	1.000000000000000e+00
5.40047854242663e-06  	3.917300000000000e+02	391	5.600000000000023e-01	0.000000000000000e+00
5.40413343256524e-06  	3.923000000000000e+02	392	5.699999999999932e-01	1.000000000000000e+00
5.40778282366001e-06  	3.928500000000000e+02	392	5.500000000000114e-01	0.000000000000000e+00
5.41142673202228e-06  	3.934000000000000e+02	393	5.499999999999545e-01	1.000000000000000e+00
5.41506517389127e-06  	3.939500000000000e+02	394	5.500000000000114e-01	1.000000000000000e+00
5.41869816543442e-06  	3.944900000000000e+02	394	5.400000000000205e-01	0.000000000000000e+00
5.42232586188405e-06  	3.950200000000000e+02	395	5.299999999999727e-01	1.000000000000000e+00
5.42594813971393e-06  	3.955700000000000e+02	395	5.500000000000114e-01	0.000000000000000e+00
5.42956515320917e-06  	3.961300000000000e+02	396	5.600000000000023e-01	1.000000000000000e+00
5.43317691744866e-06  	3.966600000000000e+02	396	5.300000000000296e-01	0.000000000000000e+00
5.43678358499567e-06  	3.972100000000000e+02	397	5.499999999999545e-01	1.000000000000000e+00
5.44038503285396e-06  	3.977500000000000e+02	397	5.400000000000205e-01	0.000000000000000e+00
5.44398127591196e-06  	3.983000000000000e+02	398	5.500000000000114e-01	1.000000000000000e+00
5.44757246538116e-06  	3.988400000000000e+02	398	5.399999999999636e-01	0.000000000000000e+00
5.45115861525352e-06  	3.993900000000000e+02	399	5.500000000000114e-01	1.000000000000000e+00
5.45473973946323e-06  	3.999400000000000e+02	400	5.500000000000114e-01	1.000000000000000e+00
5.45831585188704e-06  	4.004900000000000e+02	400	5.500000000000114e-01	0.000000000000000e+00
5.46188710124102e-06  	4.010400000000000e+02	401	5.500000000000114e-01	1.000000000000000e+00
5.46545350055062e-06  	4.015800000000000e+02	401	5.399999999999636e-01	0.000000000000000e+00
5.46901492861344e-06  	4.021500000000000e+02	402	5.699999999999932e-01	1.000000000000000e+00
5.47257153289017e-06  	4.027100000000000e+02	402	5.600000000000023e-01	0.000000000000000e+00
5.47612345971042e-06  	4.032600000000000e+02	403	5.500000000000114e-01	1.000000000000000e+00
5.47967058807053e-06  	4.038100000000000e+02	403	5.500000000000114e-01	0.000000000000000e+00
5.48321293073859e-06  	4.043600000000000e+02	404	5.500000000000114e-01	1.000000000000000e+00
5.48675050043203e-06  	4.049000000000000e+02	404	5.399999999999636e-01	0.000000000000000e+00
5.49028330981788e-06  	4.054500000000000e+02	405	5.500000000000114e-01	1.000000000000000e+00
5.49381137151304e-06  	4.059900000000000e+02	406	5.400000000000205e-01	1.000000000000000e+00
5.49733469808459e-06  	4.065400000000000e+02	406	5.500000000000114e-01	0.000000000000000e+00
5.5008534330625e-06   	4.071100000000000e+02	407	5.699999999999932e-01	1.000000000000000e+00
5.50436745755183e-06  	4.076700000000000e+02	407	5.600000000000023e-01	0.000000000000000e+00
5.50787691430524e-06  	4.082200000000000e+02	408	5.500000000000114e-01	1.000000000000000e+00
5.51138181501317e-06  	4.087700000000000e+02	408	5.499999999999545e-01	0.000000000000000e+00
5.51488217132142e-06  	4.093200000000000e+02	409	5.500000000000114e-01	1.000000000000000e+00
5.51837812417704e-06  	4.098600000000000e+02	409	5.400000000000205e-01	0.000000000000000e+00
5.52186955545732e-06  	4.104000000000000e+02	410	5.399999999999636e-01	1.000000000000000e+00
5.52535660537408e-06  	4.109400000000000e+02	411	5.400000000000205e-01	1.000000000000000e+00
5.52883915636916e-06  	4.114800000000000e+02	411	5.400000000000205e-01	0.000000000000000e+00
5.53231734792483e-06  	4.120300000000000e+02	412	5.499999999999545e-01	1.000000000000000e+00
5.53579131852948e-06  	4.125700000000000e+02	412	5.400000000000205e-01	0.000000000000000e+00
5.53926095081779e-06  	4.131000000000000e+02	413	5.300000000000296e-01	1.000000000000000e+00
5.54272625545292e-06  	4.136400000000000e+02	413	5.399999999999636e-01	0.000000000000000e+00
5.54618736987689e-06  	4.141800000000000e+02	414	5.400000000000205e-01	1.000000000000000e+00
5.54964417754159e-06  	4.147100000000000e+02	414	5.299999999999727e-01	0.000000000000000e+00
5.55309681520142e-06  	4.152500000000000e+02	415	5.400000000000205e-01	1.000000000000000e+00
5.55654529275308e-06  	4.157900000000000e+02	415	5.400000000000205e-01	0.000000000000000e+00
5.55998962005823e-06  	4.163500000000000e+02	416	5.600000000000023e-01	1.000000000000000e+00
5.5634298069437e-06   	4.168900000000000e+02	416	5.399999999999636e-01	0.000000000000000e+00
5.56686598822642e-06  	4.174300000000000e+02	417	5.400000000000205e-01	1.000000000000000e+00
5.57029804833952e-06  	4.179700000000000e+02	418	5.400000000000205e-01	1.000000000000000e+00
5.57372612145183e-06  	4.185100000000000e+02	418	5.399999999999636e-01	0.000000000000000e+00
5.5771502166717e-06   	4.190500000000000e+02	419	5.400000000000205e-01	1.000000000000000e+00
5.58057034307649e-06  	4.195900000000000e+02	419	5.399999999999636e-01	0.000000000000000e+00
5.58398650971265e-06  	4.201300000000000e+02	420	5.400000000000205e-01	1.000000000000000e+00
5.58739872559593e-06  	4.206700000000000e+02	420	5.400000000000205e-01	0.000000000000000e+00
5.59080699971146e-06  	4.212000000000000e+02	421	5.299999999999727e-01	1.000000000000000e+00
5.59421146377696e-06  	4.217500000000000e+02	421	5.500000000000114e-01	0.000000000000000e+00
5.59761200367093e-06  	4.223000000000000e+02	422	5.500000000000114e-01	1.000000000000000e+00
5.60100875050441e-06  	4.228400000000000e+02	422	5.399999999999636e-01	0.000000000000000e+00
5.60440171259375e-06  	4.233700000000000e+02	423	5.300000000000296e-01	1.000000000000000e+00
5.60779077654691e-06  	4.239100000000000e+02	424	5.400000000000205e-01	1.000000000000000e+00
5.61117607257759e-06  	4.244600000000000e+02	424	5.499999999999545e-01	0.000000000000000e+00
5.61455773006998e-06  	4.250000000000000e+02	425	5.400000000000205e-01	1.000000000000000e+00
5.61793563581294e-06  	4.255400000000000e+02	425	5.400000000000205e-01	0.000000000000000e+00
5.62130991861885e-06  	4.260700000000000e+02	426	5.299999999999727e-01	1.000000000000000e+00
5.62468046574508e-06  	4.266100000000000e+02	426	5.400000000000205e-01	0.000000000000000e+00
5.62804740543592e-06  	4.271600000000000e+02	427	5.500000000000114e-01	1.000000000000000e+00
5.63141074527677e-06  	4.277200000000000e+02	427	5.600000000000023e-01	0.000000000000000e+00
5.63477049282928e-06  	4.282700000000000e+02	428	5.499999999999545e-01	1.000000000000000e+00
5.63812677499983e-06  	4.288100000000000e+02	428	5.400000000000205e-01	0.000000000000000e+00
5.64147947968005e-06  	4.293400000000000e+02	429	5.299999999999727e-01	1.000000000000000e+00
5.64482873323915e-06  	4.298900000000000e+02	429	5.500000000000114e-01	0.000000000000000e+00
5.64817442401522e-06  	4.304200000000000e+02	430	5.300000000000296e-01	1.000000000000000e+00
5.65151667784363e-06  	4.309600000000000e+02	431	5.399999999999636e-01	1.000000000000000e+00
5.65485550165714e-06  	4.315100000000000e+02	431	5.500000000000114e-01	0.000000000000000e+00
5.65819090236768e-06  	4.320600000000000e+02	432	5.500000000000114e-01	1.000000000000000e+00
5.66152288686643e-06  	4.326000000000000e+02	432	5.400000000000205e-01	0.000000000000000e+00
5.66485157947125e-06  	4.331500000000000e+02	433	5.499999999999545e-01	1.000000000000000e+00
5.66817686934472e-06  	4.337100000000000e+02	433	5.600000000000023e-01	0.000000000000000e+00
5.67149888030157e-06  	4.342700000000000e+02	434	5.600000000000023e-01	1.000000000000000e+00
5.67481750192835e-06  	4.348200000000000e+02	434	5.500000000000114e-01	0.000000000000000e+00
5.67813285753968e-06  	4.353500000000000e+02	435	5.300000000000296e-01	1.000000000000000e+00
5.68144495344327e-06  	4.359000000000000e+02	435	5.499999999999545e-01	0.000000000000000e+00
5.68475379592868e-06  	4.364400000000000e+02	436	5.400000000000205e-01	1.000000000000000e+00
5.68805950712717e-06  	4.369900000000000e+02	437	5.500000000000114e-01	1.000000000000000e+00
5.69136197720536e-06  	4.375300000000000e+02	437	5.399999999999636e-01	0.000000000000000e+00
5.69466121239944e-06  	4.380600000000000e+02	438	5.300000000000296e-01	1.000000000000000e+00
5.69795733412841e-06  	4.386100000000000e+02	438	5.500000000000114e-01	0.000000000000000e+00
5.70125034815453e-06  	4.391600000000000e+02	439	5.500000000000114e-01	1.000000000000000e+00
5.70454014544911e-06  	4.397000000000000e+02	439	5.399999999999636e-01	0.000000000000000e+00
5.70782650309224e-06  	4.402300000000000e+02	440	5.300000000000296e-01	1.000000000000000e+00
5.71110919956547e-06  	4.407700000000000e+02	440	5.399999999999636e-01	0.000000000000000e+00
5.71438835692794e-06  	4.413200000000000e+02	441	5.500000000000114e-01	1.000000000000000e+00
5.71766409648403e-06  	4.418500000000000e+02	441	5.300000000000296e-01	0.000000000000000e+00
5.72093631166133e-06  	4.423800000000000e+02	442	5.299999999999727e-01	1.000000000000000e+00
5.72420500991354e-06  	4.429300000000000e+02	443	5.500000000000114e-01	1.000000000000000e+00
5.72747031176274e-06  	4.434800000000000e+02	443	5.500000000000114e-01	0.000000000000000e+00
5.73073211128139e-06  	4.440100000000000e+02	444	5.299999999999727e-01	1.000000000000000e+00
5.73399052847709e-06  	4.445400000000000e+02	444	5.300000000000296e-01	0.000000000000000e+00
5.73724557024061e-06  	4.450900000000000e+02	445	5.499999999999545e-01	1.000000000000000e+00
5.74049724344182e-06  	4.456300000000000e+02	445	5.400000000000205e-01	0.000000000000000e+00
5.74374555492974e-06  	4.461600000000000e+02	446	5.300000000000296e-01	1.000000000000000e+00
5.74699051153266e-06  	4.467000000000000e+02	446	5.399999999999636e-01	0.000000000000000e+00
5.7502321200582e-06   	4.472500000000000e+02	447	5.500000000000114e-01	1.000000000000000e+00
5.75347038729338e-06  	4.478200000000000e+02	447	5.699999999999932e-01	0.000000000000000e+00
5.75670543104489e-06  	4.483600000000000e+02	448	5.400000000000205e-01	1.000000000000000e+00
5.75993714679034e-06  	4.488900000000000e+02	448	5.299999999999727e-01	0.000000000000000e+00
5.76316565185554e-06  	4.494300000000000e+02	449	5.400000000000205e-01	1.000000000000000e+00
5.76639095250405e-06  	4.499900000000000e+02	450	5.600000000000023e-01	1.000000000000000e+00
5.76961305498123e-06  	4.505500000000000e+02	450	5.600000000000023e-01	0.000000000000000e+00
5.77283185556005e-06  	4.511100000000000e+02	451	5.600000000000023e-01	1.000000000000000e+00
5.77604758036192e-06  	4.516500000000000e+02	451	5.399999999999636e-01	0.000000000000000e+00
5.77926012562001e-06  	4.522100000000000e+02	452	5.600000000000023e-01	1.000000000000000e+00
5.78246949750755e-06  	4.527500000000000e+02	452	5.400000000000205e-01	0.000000000000000e+00
5.78567570217992e-06  	4.532900000000000e+02	453	5.400000000000205e-01	1.000000000000000e+00
5.78887874577474e-06  	4.538300000000000e+02	453	5.399999999999636e-01	0.000000000000000e+00
5.79207874310004e-06  	4.543700000000000e+02	454	5.400000000000205e-01	1.000000000000000e+00
5.79527569984148e-06  	4.549300000000000e+02	455	5.600000000000023e-01	1.000000000000000e+00
5.7984695133857e-06   	4.554700000000000e+02	455	5.400000000000205e-01	0.000000000000000e+00
5.8016602978753e-06   	4.560200000000000e+02	456	5.499999999999545e-01	1.000000000000000e+00
5.80484805894813e-06  	4.565500000000000e+02	456	5.300000000000296e-01	0.000000000000000e+00
5.80803280222639e-06  	4.571100000000000e+02	457	5.600000000000023e-01	1.000000000000000e+00
5.81121453331671e-06  	4.576500000000000e+02	457	5.399999999999636e-01	0.000000000000000e+00
5.8143932578102e-06   	4.582000000000000e+02	458	5.500000000000114e-01	1.000000000000000e+00
5.81756908836428e-06  	4.587400000000000e+02	458	5.400000000000205e-01	0.000000000000000e+00
5.82074192325552e-06  	4.593000000000000e+02	459	5.600000000000023e-01	1.000000000000000e+00
5.8239117680294e-06   	4.598300000000000e+02	459	5.299999999999727e-01	0.000000000000000e+00
5.82707873471171e-06  	4.603700000000000e+02	460	5.400000000000205e-01	1.000000000000000e+00
5.83024282842758e-06  	4.609000000000000e+02	460	5.299999999999727e-01	0.000000000000000e+00
5.8334039481715e-06   	4.614600000000000e+02	461	5.600000000000023e-01	1.000000000000000e+00
5.8365622053506e-06   	4.619900000000000e+02	462	5.300000000000296e-01	1.000000000000000e+00
5.83971771078924e-06  	4.625200000000000e+02	462	5.299999999999727e-01	0.000000000000000e+00
5.8428702580736e-06   	4.630600000000000e+02	463	5.400000000000205e-01	1.000000000000000e+00
5.84601995800476e-06  	4.636000000000000e+02	463	5.400000000000205e-01	0.000000000000000e+00
5.84916692080572e-06  	4.641400000000000e+02	464	5.399999999999636e-01	1.000000000000000e+00
5.85231104613814e-06  	4.646800000000000e+02	464	5.400000000000205e-01	0.000000000000000e+00
5.85545233901972e-06  	4.652100000000000e+02	465	5.299999999999727e-01	1.000000000000000e+00
5.85859090908442e-06  	4.657500000000000e+02	465	5.400000000000205e-01	0.000000000000000e+00
5.86172676095781e-06  	4.662900000000000e+02	466	5.400000000000205e-01	1.000000000000000e+00
5.86485979497914e-06  	4.668400000000000e+02	466	5.499999999999545e-01	0.000000000000000e+00
5.86799012020544e-06  	4.673800000000000e+02	467	5.400000000000205e-01	1.000000000000000e+00
5.87111774122679e-06  	4.679200000000000e+02	468	5.400000000000205e-01	1.000000000000000e+00
5.87424266262175e-06  	4.684700000000000e+02	468	5.500000000000114e-01	0.000000000000000e+00
5.87736488895728e-06  	4.690200000000000e+02	469	5.499999999999545e-01	1.000000000000000e+00
5.88048442478888e-06  	4.695500000000000e+02	469	5.300000000000296e-01	0.000000000000000e+00
5.88360137788118e-06  	4.701000000000000e+02	470	5.500000000000114e-01	1.000000000000000e+00
5.88671564936863e-06  	4.706400000000000e+02	470	5.399999999999636e-01	0.000000000000000e+00
5.88982724377287e-06  	4.711800000000000e+02	471	5.400000000000205e-01	1.000000000000000e+00
5.89293626831057e-06  	4.717100000000000e+02	471	5.299999999999727e-01	0.000000000000000e+00
5.89604262459813e-06  	4.722500000000000e+02	472	5.400000000000205e-01	1.000000000000000e+00
5.89914641949161e-06  	4.727900000000000e+02	472	5.400000000000205e-01	0.000000000000000e+00
5.90224765712733e-06  	4.733200000000000e+02	473	5.299999999999727e-01	1.000000000000000e+00
5.90534623959383e-06  	4.738600000000000e+02	473	5.400000000000205e-01	0.000000000000000e+00
5.90844227321322e-06  	4.744000000000000e+02	474	5.399999999999636e-01	1.000000000000000e+00
5.91153576209167e-06  	4.749400000000000e+02	475	5.400000000000205e-01	1.000000000000000e+00
5.9146267103255e-06   	4.754700000000000e+02	475	5.300000000000296e-01	0.000000000000000e+00
5.91771512200124e-06  	4.760100000000000e+02	476	5.399999999999636e-01	1.000000000000000e+00
5.92080110241512e-06  	4.765500000000000e+02	476	5.400000000000205e-01	0.000000000000000e+00
5.92388455424881e-06  	4.771000000000000e+02	477	5.500000000000114e-01	1.000000000000000e+00
5.92696548155995e-06  	4.776400000000000e+02	477	5.399999999999636e-01	0.000000000000000e+00
5.93004398913631e-06  	4.781900000000000e+02	478	5.500000000000114e-01	1.000000000000000e+00
5.93311998011175e-06  	4.787300000000000e+02	478	5.400000000000205e-01	0.000000000000000e+00
5.93619355893939e-06  	4.792800000000000e+02	479	5.499999999999545e-01	1.000000000000000e+00
5.93926472932077e-06  	4.798200000000000e+02	479	5.400000000000205e-01	0.000000000000000e+00
5.942333494949e-06    	4.803700000000000e+02	480	5.500000000000114e-01	1.000000000000000e+00
5.94539975954574e-06  	4.809100000000000e+02	480	5.400000000000205e-01	0.000000000000000e+00
5.94846362690649e-06  	4.814600000000000e+02	481	5.499999999999545e-01	1.000000000000000e+00
5.95152510069879e-06  	4.820000000000000e+02	482	5.400000000000205e-01	1.000000000000000e+00
5.9545841845818e-06   	4.825500000000000e+02	482	5.500000000000114e-01	0.000000000000000e+00
5.95764098155948e-06  	4.831000000000000e+02	483	5.500000000000114e-01	1.000000000000000e+00
5.96069539576645e-06  	4.836500000000000e+02	483	5.499999999999545e-01	0.000000000000000e+00
5.96374743083734e-06  	4.842100000000000e+02	484	5.600000000000023e-01	1.000000000000000e+00
5.96679718930427e-06  	4.847500000000000e+02	484	5.400000000000205e-01	0.000000000000000e+00
5.96984457572585e-06  	4.852900000000000e+02	485	5.400000000000205e-01	1.000000000000000e+00
5.97288969232367e-06  	4.858400000000000e+02	485	5.499999999999545e-01	0.000000000000000e+00
5.97593244393547e-06  	4.863900000000000e+02	486	5.500000000000114e-01	1.000000000000000e+00
5.97897293247369e-06  	4.869300000000000e+02	487	5.400000000000205e-01	1.000000000000000e+00
5.98201116122919e-06  	4.874600000000000e+02	487	5.299999999999727e-01	0.000000000000000e+00
5.98504713348567e-06  	4.880100000000000e+02	488	5.500000000000114e-01	1.000000000000000e+00
5.98808085251976e-06  	4.885600000000000e+02	488	5.500000000000114e-01	0.000000000000000e+00
5.99111232160101e-06  	4.891000000000000e+02	489	5.400000000000205e-01	1.000000000000000e+00
5.99414154399188e-06  	4.896300000000000e+02	489	5.299999999999727e-01	0.000000000000000e+00
5.99716862041938e-06  	4.901800000000000e+02	490	5.500000000000114e-01	1.000000000000000e+00
6.00019345651616e-06  	4.907200000000000e+02	490	5.400000000000205e-01	0.000000000000000e+00
6.00321605552396e-06  	4.912700000000000e+02	491	5.499999999999545e-01	1.000000000000000e+00
6.00623642067753e-06  	4.918000000000000e+02	491	5.300000000000296e-01	0.000000000000000e+00
6.00925465211994e-06  	4.923300000000000e+02	492	5.299999999999727e-01	1.000000000000000e+00
6.01227065601378e-06  	4.928700000000000e+02	492	5.400000000000205e-01	0.000000000000000e+00
6.01528453221529e-06  	4.934200000000000e+02	493	5.500000000000114e-01	1.000000000000000e+00
6.01829618714745e-06  	4.939600000000000e+02	494	5.399999999999636e-01	1.000000000000000e+00
6.02130572038085e-06  	4.945000000000000e+02	494	5.400000000000205e-01	0.000000000000000e+00
6.02431313483506e-06  	4.950400000000000e+02	495	5.400000000000205e-01	1.000000000000000e+00
6.02731843342365e-06  	4.955800000000000e+02	495	5.399999999999636e-01	0.000000000000000e+00
6.03032161905424e-06  	4.961300000000000e+02	496	5.500000000000114e-01	1.000000000000000e+00
6.03332269462849e-06  	4.966700000000000e+02	496	5.400000000000205e-01	0.000000000000000e+00
6.03632166304215e-06  	4.972100000000000e+02	497	5.399999999999636e-01	1.000000000000000e+00
6.03931852718507e-06  	4.977500000000000e+02	497	5.400000000000205e-01	0.000000000000000e+00
6.04231328994117e-06  	4.982900000000000e+02	498	5.400000000000205e-01	1.000000000000000e+00
6.04530604951149e-06  	4.988200000000000e+02	498	5.299999999999727e-01	0.000000000000000e+00
6.0482967133118e-06   	4.993600000000000e+02	499	5.400000000000205e-01	1.000000000000000e+00
6.05128537927714e-06  	4.999100000000000e+02	499	5.500000000000114e-01	0.000000000000000e+00
6.05427195506697e-06  	5.004500000000000e+02	500	5.399999999999636e-01	1.000000000000000e+00
6.05725653835143e-06  	5.009800000000000e+02	501	5.300000000000296e-01	1.000000000000000e+00
6.06023903703267e-06  	5.015100000000000e+02	501	5.299999999999727e-01	0.000000000000000e+00
6.063219548517e-06    	5.020700000000000e+02	502	5.600000000000023e-01	1.000000000000000e+00
6.0661980753878e-06   	5.026200000000000e+02	502	5.500000000000114e-01	0.000000000000000e+00
6.06917462022349e-06  	5.031700000000000e+02	503	5.500000000000114e-01	1.000000000000000e+00
6.07214918559748e-06  	5.037200000000000e+02	503	5.500000000000114e-01	0.000000000000000e+00
6.07512177407822e-06  	5.042700000000000e+02	504	5.499999999999545e-01	1.000000000000000e+00
6.07809238822921e-06  	5.048200000000000e+02	504	5.500000000000114e-01	0.000000000000000e+00
6.081061030609e-06    	5.053600000000000e+02	505	5.400000000000205e-01	1.000000000000000e+00
6.08402770377121e-06  	5.059000000000000e+02	505	5.399999999999636e-01	0.000000000000000e+00
6.08699250385633e-06  	5.064400000000000e+02	506	5.400000000000205e-01	1.000000000000000e+00
