# time                
# Time                	cpu                   	clock                 	cpu/step              	clock/step            
0                     	9.000000000000000e-02	0	0.000000000000000e+00	0.000000000000000e+00
1.19999904000077e-10  	2.660000000000000e+00	2	2.570000000000000e+00	2.000000000000000e+00
2.63999616000445e-10  	5.260000000000000e+00	5	2.600000000000000e+00	3.000000000000000e+00
4.36799071335788e-10  	7.830000000000000e+00	7	2.570000000000000e+00	2.000000000000000e+00
6.4415820274799e-10   	1.035000000000000e+01	10	2.520000000000000e+00	3.000000000000000e+00
8.92988954051989e-10  	1.294000000000000e+01	12	2.590000000000000e+00	2.000000000000000e+00
1.19158555841406e-09  	1.555000000000000e+01	15	2.610000000000001e+00	3.000000000000000e+00
1.54990019973483e-09  	1.810000000000000e+01	18	2.550000000000001e+00	3.000000000000000e+00
1.97987715304205e-09  	2.063000000000000e+01	20	2.529999999999998e+00	2.000000000000000e+00
2.49584683469715e-09  	2.318000000000000e+01	23	2.550000000000001e+00	3.000000000000000e+00
3.11500725792346e-09  	2.578000000000000e+01	25	2.600000000000001e+00	2.000000000000000e+00
3.85799792561604e-09  	2.843000000000000e+01	28	2.649999999999999e+00	3.000000000000000e+00
4.74957877730543e-09  	3.106000000000000e+01	31	2.629999999999999e+00	3.000000000000000e+00
5.81947007569327e-09  	3.372000000000000e+01	33	2.660000000000000e+00	2.000000000000000e+00
7.10332314980061e-09  	3.640000000000000e+01	36	2.680000000000000e+00	3.000000000000000e+00
8.6439270582337e-09   	3.832000000000000e+01	38	1.920000000000002e+00	2.000000000000000e+00
1.04926403548289e-08  	4.101000000000000e+01	41	2.689999999999998e+00	3.000000000000000e+00
1.27110799039868e-08  	4.375000000000000e+01	43	2.740000000000002e+00	2.000000000000000e+00
1.53731482990905e-08  	4.660000000000000e+01	46	2.850000000000001e+00	3.000000000000000e+00
1.85675453231065e-08  	4.941000000000000e+01	49	2.809999999999995e+00	3.000000000000000e+00
2.24007482696493e-08  	5.227000000000000e+01	52	2.860000000000007e+00	3.000000000000000e+00
2.70003801822243e-08  	5.520000000000000e+01	55	2.930000000000000e+00	3.000000000000000e+00
3.25197861127614e-08  	5.822000000000000e+01	58	3.019999999999996e+00	3.000000000000000e+00
3.91427806943095e-08  	6.132000000000000e+01	61	3.100000000000001e+00	3.000000000000000e+00
4.7090058259845e-08   	6.452000000000000e+01	64	3.199999999999996e+00	3.000000000000000e+00
5.66266396873558e-08  	6.781000000000000e+01	67	3.290000000000006e+00	3.000000000000000e+00
6.8069663887071e-08   	7.120000000000000e+01	71	3.390000000000001e+00	4.000000000000000e+00
8.18003495611728e-08  	7.478000000000000e+01	74	3.579999999999998e+00	3.000000000000000e+00
9.8274908448302e-08   	7.851000000000001e+01	78	3.730000000000004e+00	4.000000000000000e+00
1.18041771347303e-07  	8.237000000000000e+01	82	3.859999999999999e+00	4.000000000000000e+00
1.41761068005734e-07  	8.641000000000000e+01	86	4.039999999999992e+00	4.000000000000000e+00
1.7021881634771e-07   	9.056999999999999e+01	90	4.159999999999997e+00	4.000000000000000e+00
2.04360328380423e-07  	9.484999999999999e+01	94	4.280000000000001e+00	4.000000000000000e+00
2.45327339739873e-07  	9.931000000000000e+01	99	4.460000000000008e+00	5.000000000000000e+00
2.94467572577439e-07  	1.039500000000000e+02	104	4.640000000000001e+00	5.000000000000000e+00
3.53430040009386e-07  	1.088400000000000e+02	108	4.890000000000001e+00	4.000000000000000e+00
4.24151523302496e-07  	1.137300000000000e+02	113	4.890000000000001e+00	5.000000000000000e+00
5.07828706896359e-07  	1.153400000000000e+02	115	1.609999999999999e+00	2.000000000000000e+00
6.02583155746934e-07  	1.171200000000000e+02	117	1.780000000000001e+00	2.000000000000000e+00
6.98526608299302e-07  	1.188700000000000e+02	118	1.750000000000000e+00	1.000000000000000e+00
7.83472265606146e-07  	1.204800000000000e+02	120	1.609999999999999e+00	2.000000000000000e+00
8.60803931805985e-07  	1.219500000000000e+02	122	1.469999999999999e+00	2.000000000000000e+00
9.32436298907281e-07  	1.233400000000000e+02	123	1.390000000000001e+00	1.000000000000000e+00
9.99600748874124e-07  	1.247200000000000e+02	124	1.379999999999995e+00	1.000000000000000e+00
1.06314400898396e-06  	1.260500000000000e+02	126	1.329999999999998e+00	2.000000000000000e+00
1.12372995876413e-06  	1.273200000000000e+02	127	1.269999999999996e+00	1.000000000000000e+00
1.18182412447578e-06  	1.285600000000000e+02	128	1.240000000000009e+00	1.000000000000000e+00
1.23778005645513e-06  	1.297700000000000e+02	129	1.210000000000008e+00	1.000000000000000e+00
1.2918963413557e-06   	1.309400000000000e+02	131	1.169999999999987e+00	2.000000000000000e+00
1.34440065181243e-06  	1.321100000000000e+02	132	1.170000000000016e+00	1.000000000000000e+00
1.39551754266641e-06  	1.333100000000000e+02	133	1.199999999999989e+00	1.000000000000000e+00
1.44536814047093e-06  	1.345200000000000e+02	134	1.210000000000008e+00	1.000000000000000e+00
1.4941334209556e-06   	1.357100000000000e+02	135	1.189999999999998e+00	1.000000000000000e+00
1.54188226563764e-06  	1.368800000000000e+02	137	1.169999999999987e+00	2.000000000000000e+00
1.58874476812901e-06  	1.380300000000000e+02	138	1.150000000000006e+00	1.000000000000000e+00
1.6347743542992e-06   	1.391800000000000e+02	139	1.150000000000006e+00	1.000000000000000e+00
1.68004137024292e-06  	1.403200000000000e+02	140	1.139999999999986e+00	1.000000000000000e+00
1.72457033701364e-06  	1.414400000000000e+02	141	1.120000000000005e+00	1.000000000000000e+00
1.76838461684556e-06  	1.425500000000000e+02	142	1.110000000000014e+00	1.000000000000000e+00
1.81152542289877e-06  	1.436400000000000e+02	143	1.089999999999975e+00	1.000000000000000e+00
1.85401286321772e-06  	1.447400000000000e+02	144	1.100000000000023e+00	1.000000000000000e+00
1.89586616263639e-06  	1.458100000000000e+02	145	1.069999999999993e+00	1.000000000000000e+00
1.93710371363991e-06  	1.468700000000000e+02	147	1.060000000000002e+00	2.000000000000000e+00
1.97772628873782e-06  	1.479200000000000e+02	148	1.049999999999983e+00	1.000000000000000e+00
2.01775171695801e-06  	1.488700000000000e+02	149	9.500000000000171e-01	1.000000000000000e+00
2.05718119312825e-06  	1.498300000000000e+02	149	9.600000000000080e-01	0.000000000000000e+00
2.09600117680121e-06  	1.507800000000000e+02	150	9.499999999999886e-01	1.000000000000000e+00
2.1342150717361e-06   	1.517200000000000e+02	151	9.399999999999977e-01	1.000000000000000e+00
2.1718123767412e-06   	1.526500000000000e+02	152	9.300000000000068e-01	1.000000000000000e+00
2.2088124477031e-06   	1.535700000000000e+02	153	9.199999999999875e-01	1.000000000000000e+00
2.24522018692584e-06  	1.545100000000000e+02	154	9.399999999999977e-01	1.000000000000000e+00
2.28102779857899e-06  	1.555000000000000e+02	155	9.900000000000091e-01	1.000000000000000e+00
2.31625453693566e-06  	1.564900000000000e+02	156	9.900000000000091e-01	1.000000000000000e+00
2.35090645089915e-06  	1.574700000000000e+02	157	9.799999999999898e-01	1.000000000000000e+00
2.38498990414491e-06  	1.584000000000000e+02	158	9.300000000000068e-01	1.000000000000000e+00
2.41851154222727e-06  	1.593200000000000e+02	159	9.199999999999875e-01	1.000000000000000e+00
2.45148940246985e-06  	1.602000000000000e+02	160	8.799999999999955e-01	1.000000000000000e+00
2.4839406701337e-06   	1.610800000000000e+02	161	8.800000000000239e-01	1.000000000000000e+00
2.51588173116542e-06  	1.619700000000000e+02	162	8.899999999999864e-01	1.000000000000000e+00
2.54731808017182e-06  	1.628900000000000e+02	163	9.199999999999875e-01	1.000000000000000e+00
2.57827509475881e-06  	1.638000000000000e+02	163	9.100000000000250e-01	0.000000000000000e+00
2.60877657406539e-06  	1.647100000000000e+02	164	9.099999999999966e-01	1.000000000000000e+00
2.63882631902866e-06  	1.655500000000000e+02	165	8.400000000000034e-01	1.000000000000000e+00
2.66844639012113e-06  	1.664100000000000e+02	166	8.599999999999852e-01	1.000000000000000e+00
2.69765754066431e-06  	1.673000000000000e+02	167	8.900000000000148e-01	1.000000000000000e+00
2.72435961049399e-06  	1.681400000000000e+02	168	8.399999999999750e-01	1.000000000000000e+00
2.74908023066921e-06  	1.689200000000000e+02	169	7.800000000000011e-01	1.000000000000000e+00
2.77222419063336e-06  	1.696800000000000e+02	169	7.600000000000193e-01	0.000000000000000e+00
2.79408295318043e-06  	1.704000000000000e+02	170	7.199999999999989e-01	1.000000000000000e+00
2.81492023443376e-06  	1.711000000000000e+02	171	6.999999999999886e-01	1.000000000000000e+00
2.83483112969407e-06  	1.717900000000000e+02	171	6.899999999999977e-01	0.000000000000000e+00
2.85395813144019e-06  	1.724800000000000e+02	172	6.899999999999977e-01	1.000000000000000e+00
2.87239891387538e-06  	1.731400000000000e+02	173	6.599999999999966e-01	1.000000000000000e+00
2.89024997086603e-06  	1.738000000000000e+02	174	6.600000000000250e-01	1.000000000000000e+00
2.90759719309346e-06  	1.744600000000000e+02	174	6.599999999999966e-01	0.000000000000000e+00
2.92450340984549e-06  	1.751200000000000e+02	175	6.599999999999966e-01	1.000000000000000e+00
2.94102689862679e-06  	1.757700000000000e+02	175	6.500000000000057e-01	0.000000000000000e+00
2.95721958683189e-06  	1.764100000000000e+02	176	6.399999999999864e-01	1.000000000000000e+00
2.97313084776207e-06  	1.770300000000000e+02	177	6.200000000000045e-01	1.000000000000000e+00
2.98877529619036e-06  	1.776400000000000e+02	177	6.099999999999852e-01	0.000000000000000e+00
3.00400468782361e-06  	1.782600000000000e+02	178	6.200000000000045e-01	1.000000000000000e+00
3.01886541944797e-06  	1.788800000000000e+02	179	6.200000000000045e-01	1.000000000000000e+00
3.03339660533058e-06  	1.794900000000000e+02	179	6.100000000000136e-01	0.000000000000000e+00
3.04762919059326e-06  	1.800900000000000e+02	180	5.999999999999943e-01	1.000000000000000e+00
3.0615872053945e-06   	1.807100000000000e+02	180	6.200000000000045e-01	0.000000000000000e+00
3.07529843775583e-06  	1.813100000000000e+02	181	5.999999999999943e-01	1.000000000000000e+00
3.08878830575336e-06  	1.819000000000000e+02	182	5.900000000000034e-01	1.000000000000000e+00
3.10207655636275e-06  	1.824900000000000e+02	182	5.900000000000034e-01	0.000000000000000e+00
3.11517972383315e-06  	1.831200000000000e+02	183	6.299999999999955e-01	1.000000000000000e+00
3.12810976791111e-06  	1.837500000000000e+02	183	6.299999999999955e-01	0.000000000000000e+00
3.1408846446396e-06   	1.843900000000000e+02	184	6.399999999999864e-01	1.000000000000000e+00
3.15352118936958e-06  	1.850300000000000e+02	185	6.400000000000148e-01	1.000000000000000e+00
3.1660336543322e-06   	1.856600000000000e+02	185	6.299999999999955e-01	0.000000000000000e+00
3.17843554551376e-06  	1.862900000000000e+02	186	6.299999999999955e-01	1.000000000000000e+00
3.19074285000779e-06  	1.868900000000000e+02	187	5.999999999999943e-01	1.000000000000000e+00
3.20296624106208e-06  	1.874800000000000e+02	187	5.900000000000034e-01	0.000000000000000e+00
3.21511598798802e-06  	1.880600000000000e+02	188	5.800000000000125e-01	1.000000000000000e+00
3.22718091992669e-06  	1.886400000000000e+02	188	5.799999999999841e-01	0.000000000000000e+00
3.23913999297168e-06  	1.892500000000000e+02	189	6.100000000000136e-01	1.000000000000000e+00
3.25099794150195e-06  	1.898600000000000e+02	190	6.100000000000136e-01	1.000000000000000e+00
3.26275930815142e-06  	1.904200000000000e+02	190	5.599999999999739e-01	0.000000000000000e+00
3.27442986439365e-06  	1.910200000000000e+02	191	6.000000000000227e-01	1.000000000000000e+00
3.28601654026039e-06  	1.916400000000000e+02	191	6.199999999999761e-01	0.000000000000000e+00
3.29752736904637e-06  	1.922700000000000e+02	192	6.300000000000239e-01	1.000000000000000e+00
3.30896062426402e-06  	1.928600000000000e+02	193	5.900000000000034e-01	1.000000000000000e+00
3.3203240088422e-06   	1.934400000000000e+02	193	5.799999999999841e-01	0.000000000000000e+00
3.33162760711078e-06  	1.940300000000000e+02	194	5.900000000000034e-01	1.000000000000000e+00
3.34287989117467e-06  	1.946100000000000e+02	194	5.800000000000125e-01	0.000000000000000e+00
3.35408781326521e-06  	1.951800000000000e+02	195	5.699999999999932e-01	1.000000000000000e+00
3.3652568774264e-06   	1.957600000000000e+02	195	5.799999999999841e-01	0.000000000000000e+00
3.3763988978487e-06   	1.963500000000000e+02	196	5.900000000000034e-01	1.000000000000000e+00
3.38748976115243e-06  	1.969700000000000e+02	197	6.200000000000045e-01	1.000000000000000e+00
3.39851103770261e-06  	1.975200000000000e+02	197	5.500000000000114e-01	0.000000000000000e+00
3.4094673140962e-06   	1.980700000000000e+02	198	5.499999999999829e-01	1.000000000000000e+00
3.42036548996057e-06  	1.986600000000000e+02	198	5.900000000000034e-01	0.000000000000000e+00
3.43121225933501e-06  	1.992000000000000e+02	199	5.399999999999920e-01	1.000000000000000e+00
3.44201172117137e-06  	1.997400000000000e+02	199	5.400000000000205e-01	0.000000000000000e+00
3.45276188686707e-06  	2.002900000000000e+02	200	5.499999999999829e-01	1.000000000000000e+00
3.46347032055309e-06  	2.008300000000000e+02	201	5.400000000000205e-01	1.000000000000000e+00
3.47414559752748e-06  	2.013900000000000e+02	201	5.599999999999739e-01	0.000000000000000e+00
3.48479378885704e-06  	2.019300000000000e+02	202	5.400000000000205e-01	1.000000000000000e+00
3.49542204634093e-06  	2.024600000000000e+02	202	5.300000000000011e-01	0.000000000000000e+00
3.50600484905544e-06  	2.030300000000000e+02	203	5.699999999999932e-01	1.000000000000000e+00
3.51652534569205e-06  	2.035800000000000e+02	203	5.500000000000114e-01	0.000000000000000e+00
3.5269887959311e-06   	2.041600000000000e+02	204	5.799999999999841e-01	1.000000000000000e+00
3.53740142531092e-06  	2.047600000000000e+02	205	5.999999999999943e-01	1.000000000000000e+00
3.54777151761093e-06  	2.053600000000000e+02	205	6.000000000000227e-01	0.000000000000000e+00
3.55810826913621e-06  	2.059600000000000e+02	206	5.999999999999943e-01	1.000000000000000e+00
3.56840968888956e-06  	2.065600000000000e+02	206	5.999999999999943e-01	0.000000000000000e+00
3.57868367038446e-06  	2.071600000000000e+02	207	5.999999999999943e-01	1.000000000000000e+00
3.58893907522701e-06  	2.077100000000000e+02	207	5.500000000000114e-01	0.000000000000000e+00
3.59916511053935e-06  	2.082600000000000e+02	208	5.499999999999829e-01	1.000000000000000e+00
3.60932968612871e-06  	2.088100000000000e+02	209	5.500000000000114e-01	1.000000000000000e+00
3.61943564862754e-06  	2.093600000000000e+02	209	5.500000000000114e-01	0.000000000000000e+00
3.62949310081907e-06  	2.099300000000000e+02	210	5.699999999999932e-01	1.000000000000000e+00
3.63951082502896e-06  	2.105200000000000e+02	210	5.900000000000034e-01	0.000000000000000e+00
3.64949843792023e-06  	2.111000000000000e+02	211	5.799999999999841e-01	1.000000000000000e+00
3.65945920516535e-06  	2.116900000000000e+02	211	5.900000000000034e-01	0.000000000000000e+00
3.66940249557663e-06  	2.122300000000000e+02	212	5.399999999999920e-01	1.000000000000000e+00
3.67933041451968e-06  	2.127700000000000e+02	213	5.400000000000205e-01	1.000000000000000e+00
3.68920034684732e-06  	2.133000000000000e+02	213	5.300000000000011e-01	0.000000000000000e+00
3.69901496008009e-06  	2.138500000000000e+02	214	5.499999999999829e-01	1.000000000000000e+00
3.70878278491424e-06  	2.144100000000000e+02	214	5.600000000000023e-01	0.000000000000000e+00
3.71851408528969e-06  	2.149700000000000e+02	215	5.600000000000023e-01	1.000000000000000e+00
3.72821792382172e-06  	2.155600000000000e+02	215	5.900000000000034e-01	0.000000000000000e+00
3.73789737104434e-06  	2.161500000000000e+02	216	5.900000000000034e-01	1.000000000000000e+00
3.74756321125208e-06  	2.167300000000000e+02	217	5.799999999999841e-01	1.000000000000000e+00
3.75720774399645e-06  	2.173000000000000e+02	217	5.700000000000216e-01	0.000000000000000e+00
3.76679463434967e-06  	2.178500000000000e+02	218	5.499999999999829e-01	1.000000000000000e+00
3.77633306287238e-06  	2.184000000000000e+02	218	5.500000000000114e-01	0.000000000000000e+00
3.78583100650451e-06  	2.189700000000000e+02	219	5.699999999999932e-01	1.000000000000000e+00
3.79529717818825e-06  	2.195400000000000e+02	219	5.699999999999932e-01	0.000000000000000e+00
3.80474104810303e-06  	2.201300000000000e+02	220	5.900000000000034e-01	1.000000000000000e+00
3.81416548809047e-06  	2.206800000000000e+02	220	5.500000000000114e-01	0.000000000000000e+00
3.82358162460657e-06  	2.212200000000000e+02	221	5.399999999999920e-01	1.000000000000000e+00
3.83295189140074e-06  	2.217500000000000e+02	222	5.300000000000011e-01	1.000000000000000e+00
3.84227221007768e-06  	2.222900000000000e+02	222	5.399999999999920e-01	0.000000000000000e+00
3.85154936664207e-06  	2.228800000000000e+02	223	5.900000000000034e-01	1.000000000000000e+00
3.86079352111119e-06  	2.234900000000000e+02	223	6.100000000000136e-01	0.000000000000000e+00
3.87001550734418e-06  	2.240800000000000e+02	224	5.900000000000034e-01	1.000000000000000e+00
3.87921630984156e-06  	2.246600000000000e+02	224	5.799999999999841e-01	0.000000000000000e+00
3.88840567730716e-06  	2.252500000000000e+02	225	5.900000000000034e-01	1.000000000000000e+00
3.89756701505596e-06  	2.258200000000000e+02	226	5.699999999999932e-01	1.000000000000000e+00
3.90667797760668e-06  	2.263800000000000e+02	226	5.600000000000023e-01	0.000000000000000e+00
3.9157485196137e-06   	2.269400000000000e+02	227	5.600000000000023e-01	1.000000000000000e+00
3.92478663940303e-06  	2.274900000000000e+02	227	5.500000000000114e-01	0.000000000000000e+00
3.93380355290473e-06  	2.280700000000000e+02	228	5.799999999999841e-01	1.000000000000000e+00
3.9428010425036e-06   	2.286100000000000e+02	228	5.400000000000205e-01	0.000000000000000e+00
3.95178843013061e-06  	2.291800000000000e+02	229	5.699999999999932e-01	1.000000000000000e+00
3.96074982326085e-06  	2.297200000000000e+02	230	5.399999999999920e-01	1.000000000000000e+00
3.96966380601347e-06  	2.302900000000000e+02	230	5.699999999999932e-01	0.000000000000000e+00
3.97853988847894e-06  	2.308400000000000e+02	231	5.500000000000114e-01	1.000000000000000e+00
3.98738734633498e-06  	2.313800000000000e+02	231	5.399999999999920e-01	0.000000000000000e+00
3.99621690423949e-06  	2.319300000000000e+02	232	5.500000000000114e-01	1.000000000000000e+00
4.00503105986708e-06  	2.325100000000000e+02	232	5.799999999999841e-01	0.000000000000000e+00
4.01383874579608e-06  	2.331000000000000e+02	233	5.900000000000034e-01	1.000000000000000e+00
4.02261021260173e-06  	2.336800000000000e+02	234	5.800000000000125e-01	1.000000000000000e+00
4.03133939766652e-06  	2.342100000000000e+02	234	5.300000000000011e-01	0.000000000000000e+00
4.04003614987335e-06  	2.347500000000000e+02	235	5.399999999999920e-01	1.000000000000000e+00
4.04870932086486e-06  	2.352700000000000e+02	235	5.200000000000102e-01	0.000000000000000e+00
4.05736840313894e-06  	2.358100000000000e+02	236	5.399999999999920e-01	1.000000000000000e+00
4.06601577867719e-06  	2.363400000000000e+02	236	5.300000000000011e-01	0.000000000000000e+00
4.07465225547061e-06  	2.368600000000000e+02	237	5.200000000000102e-01	1.000000000000000e+00
4.08324386744952e-06  	2.373900000000000e+02	237	5.299999999999727e-01	0.000000000000000e+00
4.09179793470472e-06  	2.379300000000000e+02	238	5.400000000000205e-01	1.000000000000000e+00
4.1003238660822e-06   	2.384700000000000e+02	238	5.399999999999920e-01	0.000000000000000e+00
4.10883239914351e-06  	2.390000000000000e+02	239	5.300000000000011e-01	1.000000000000000e+00
4.1173281170137e-06   	2.395300000000000e+02	239	5.300000000000011e-01	0.000000000000000e+00
4.12582082488642e-06  	2.400600000000000e+02	240	5.300000000000011e-01	1.000000000000000e+00
4.13427906742502e-06  	2.406000000000000e+02	240	5.399999999999920e-01	0.000000000000000e+00
4.14269868106744e-06  	2.411200000000000e+02	241	5.200000000000102e-01	1.000000000000000e+00
4.15108955128093e-06  	2.416500000000000e+02	241	5.300000000000011e-01	0.000000000000000e+00
4.15946063516292e-06  	2.421800000000000e+02	242	5.300000000000011e-01	1.000000000000000e+00
4.16781639273614e-06  	2.427100000000000e+02	243	5.300000000000011e-01	1.000000000000000e+00
4.17612362085743e-06  	2.432400000000000e+02	243	5.300000000000011e-01	0.000000000000000e+00
4.18438145232754e-06  	2.437700000000000e+02	244	5.300000000000011e-01	1.000000000000000e+00
4.19259328113691e-06  	2.443000000000000e+02	244	5.300000000000011e-01	0.000000000000000e+00
4.20075682976667e-06  	2.448300000000000e+02	245	5.300000000000011e-01	1.000000000000000e+00
4.20887540969635e-06  	2.453500000000000e+02	245	5.199999999999818e-01	0.000000000000000e+00
4.2169474687332e-06   	2.458600000000000e+02	246	5.100000000000193e-01	1.000000000000000e+00
4.22497353313166e-06  	2.463900000000000e+02	246	5.299999999999727e-01	0.000000000000000e+00
4.23294017981831e-06  	2.469100000000000e+02	247	5.200000000000102e-01	1.000000000000000e+00
4.2408489303196e-06   	2.474300000000000e+02	247	5.200000000000102e-01	0.000000000000000e+00
4.24870061538599e-06  	2.479500000000000e+02	248	5.199999999999818e-01	1.000000000000000e+00
4.25649604804777e-06  	2.484900000000000e+02	248	5.400000000000205e-01	0.000000000000000e+00
4.26423602411503e-06  	2.490300000000000e+02	249	5.500000000000114e-01	1.000000000000000e+00
4.27192132266009e-06  	2.496100000000000e+02	249	5.800000000000125e-01	0.000000000000000e+00
4.27955331490097e-06  	2.501800000000000e+02	250	5.699999999999932e-01	1.000000000000000e+00
4.28713273106101e-06  	2.507500000000000e+02	251	5.699999999999932e-01	1.000000000000000e+00
4.29466087855738e-06  	2.513300000000000e+02	251	5.800000000000125e-01	0.000000000000000e+00
4.30213844236092e-06  	2.518900000000000e+02	252	5.599999999999739e-01	1.000000000000000e+00
4.30956609383233e-06  	2.524700000000000e+02	252	5.800000000000125e-01	0.000000000000000e+00
4.31694449108009e-06  	2.530300000000000e+02	253	5.600000000000023e-01	1.000000000000000e+00
4.32427484084711e-06  	2.536100000000000e+02	253	5.800000000000125e-01	0.000000000000000e+00
4.33155776123678e-06  	2.541800000000000e+02	254	5.699999999999932e-01	1.000000000000000e+00
4.33879385852433e-06  	2.547500000000000e+02	255	5.699999999999932e-01	1.000000000000000e+00
4.34598426788554e-06  	2.553200000000000e+02	255	5.699999999999932e-01	0.000000000000000e+00
4.35312955926764e-06  	2.558500000000000e+02	256	5.300000000000011e-01	1.000000000000000e+00
4.36023029203978e-06  	2.563800000000000e+02	256	5.300000000000011e-01	0.000000000000000e+00
4.36728753596746e-06  	2.568900000000000e+02	257	5.099999999999909e-01	1.000000000000000e+00
4.37430078856822e-06  	2.574400000000000e+02	257	5.500000000000114e-01	0.000000000000000e+00
4.38127160787216e-06  	2.579600000000000e+02	258	5.199999999999818e-01	1.000000000000000e+00
4.38820050123391e-06  	2.584900000000000e+02	258	5.300000000000296e-01	0.000000000000000e+00
4.39508796698083e-06  	2.590500000000000e+02	259	5.600000000000023e-01	1.000000000000000e+00
4.40193498495928e-06  	2.596200000000000e+02	260	5.699999999999932e-01	1.000000000000000e+00
4.40874202462141e-06  	2.601500000000000e+02	260	5.299999999999727e-01	0.000000000000000e+00
4.41551002646051e-06  	2.606500000000000e+02	261	5.000000000000000e-01	1.000000000000000e+00
4.42223943296386e-06  	2.611500000000000e+02	261	5.000000000000000e-01	0.000000000000000e+00
4.42893067915309e-06  	2.616500000000000e+02	262	5.000000000000000e-01	1.000000000000000e+00
4.43558465599086e-06  	2.621800000000000e+02	262	5.300000000000296e-01	0.000000000000000e+00
4.44220177379615e-06  	2.627300000000000e+02	263	5.500000000000114e-01	1.000000000000000e+00
4.44878288937647e-06  	2.632900000000000e+02	263	5.600000000000023e-01	0.000000000000000e+00
4.45532883834616e-06  	2.638500000000000e+02	264	5.600000000000023e-01	1.000000000000000e+00
4.46183954847643e-06  	2.644100000000000e+02	264	5.600000000000023e-01	0.000000000000000e+00
4.46831627279691e-06  	2.649200000000000e+02	265	5.099999999999909e-01	1.000000000000000e+00
4.47475892748583e-06  	2.654800000000000e+02	265	5.600000000000023e-01	0.000000000000000e+00
4.48116872692705e-06  	2.660400000000000e+02	266	5.600000000000023e-01	1.000000000000000e+00
4.48754557660146e-06  	2.666000000000000e+02	267	5.600000000000023e-01	1.000000000000000e+00
4.49389023280071e-06  	2.671200000000000e+02	267	5.199999999999818e-01	0.000000000000000e+00
4.50020301684243e-06  	2.676400000000000e+02	268	5.199999999999818e-01	1.000000000000000e+00
4.50648424526805e-06  	2.681400000000000e+02	268	5.000000000000000e-01	0.000000000000000e+00
4.51273422993686e-06  	2.686500000000000e+02	269	5.099999999999909e-01	1.000000000000000e+00
4.51895408831167e-06  	2.691700000000000e+02	269	5.200000000000387e-01	0.000000000000000e+00
4.52514330500394e-06  	2.697000000000000e+02	270	5.299999999999727e-01	1.000000000000000e+00
4.53130297317781e-06  	2.702200000000000e+02	270	5.200000000000387e-01	0.000000000000000e+00
4.53743297812367e-06  	2.707500000000000e+02	271	5.299999999999727e-01	1.000000000000000e+00
4.54353360229429e-06  	2.712800000000000e+02	271	5.299999999999727e-01	0.000000000000000e+00
4.54960512413615e-06  	2.718400000000000e+02	272	5.600000000000023e-01	1.000000000000000e+00
4.55564820073481e-06  	2.723600000000000e+02	272	5.200000000000387e-01	0.000000000000000e+00
4.56166271657067e-06  	2.728900000000000e+02	273	5.299999999999727e-01	1.000000000000000e+00
4.56764931406681e-06  	2.734200000000000e+02	273	5.300000000000296e-01	0.000000000000000e+00
4.5736086215906e-06   	2.739400000000000e+02	274	5.199999999999818e-01	1.000000000000000e+00
4.57954125394238e-06  	2.745000000000000e+02	274	5.600000000000023e-01	0.000000000000000e+00
4.58544744722946e-06  	2.750100000000000e+02	275	5.099999999999909e-01	1.000000000000000e+00
4.59132707210947e-06  	2.755300000000000e+02	275	5.199999999999818e-01	0.000000000000000e+00
4.59718036492713e-06  	2.760400000000000e+02	276	5.100000000000477e-01	1.000000000000000e+00
4.60300720299194e-06  	2.765400000000000e+02	276	5.000000000000000e-01	0.000000000000000e+00
4.60880782276556e-06  	2.770700000000000e+02	277	5.299999999999727e-01	1.000000000000000e+00
4.61458245756047e-06  	2.776000000000000e+02	278	5.300000000000296e-01	1.000000000000000e+00
4.62033099113141e-06  	2.781100000000000e+02	278	5.099999999999909e-01	0.000000000000000e+00
4.6260540001923e-06   	2.786000000000000e+02	279	4.900000000000091e-01	1.000000000000000e+00
4.63175170889651e-06  	2.791000000000000e+02	279	5.000000000000000e-01	0.000000000000000e+00
4.63742467589973e-06  	2.796000000000000e+02	280	5.000000000000000e-01	1.000000000000000e+00
4.64307311369657e-06  	2.801500000000000e+02	280	5.499999999999545e-01	0.000000000000000e+00
4.64869723206203e-06  	2.807100000000000e+02	281	5.600000000000023e-01	1.000000000000000e+00
4.6542975670067e-06   	2.812600000000000e+02	281	5.500000000000114e-01	0.000000000000000e+00
4.65987431745607e-06  	2.818100000000000e+02	282	5.500000000000114e-01	1.000000000000000e+00
4.66542767985604e-06  	2.823600000000000e+02	282	5.500000000000114e-01	0.000000000000000e+00
4.67095816902648e-06  	2.829200000000000e+02	283	5.600000000000023e-01	1.000000000000000e+00
4.67646628954598e-06  	2.834800000000000e+02	283	5.600000000000023e-01	0.000000000000000e+00
4.68195253609047e-06  	2.840300000000000e+02	284	5.499999999999545e-01	1.000000000000000e+00
4.68741676719938e-06  	2.845600000000000e+02	285	5.300000000000296e-01	1.000000000000000e+00
4.69285946838901e-06  	2.850700000000000e+02	285	5.099999999999909e-01	0.000000000000000e+00
4.69828111583947e-06  	2.856000000000000e+02	286	5.300000000000296e-01	1.000000000000000e+00
4.70368187062153e-06  	2.861200000000000e+02	286	5.199999999999818e-01	0.000000000000000e+00
4.70906219571917e-06  	2.866500000000000e+02	287	5.299999999999727e-01	1.000000000000000e+00
4.71442224397005e-06  	2.871600000000000e+02	287	5.100000000000477e-01	0.000000000000000e+00
4.71976216650738e-06  	2.876600000000000e+02	288	5.000000000000000e-01	1.000000000000000e+00
4.72508240983942e-06  	2.881900000000000e+02	288	5.299999999999727e-01	0.000000000000000e+00
4.73038311739423e-06  	2.887100000000000e+02	289	5.199999999999818e-01	1.000000000000000e+00
4.73566472382968e-06  	2.892200000000000e+02	289	5.100000000000477e-01	0.000000000000000e+00
4.74092765600338e-06  	2.897200000000000e+02	290	5.000000000000000e-01	1.000000000000000e+00
4.74617204448301e-06  	2.902400000000000e+02	290	5.199999999999818e-01	0.000000000000000e+00
4.75139801847519e-06  	2.907600000000000e+02	291	5.199999999999818e-01	1.000000000000000e+00
4.75660599058857e-06  	2.912700000000000e+02	291	5.099999999999909e-01	0.000000000000000e+00
4.76179608344505e-06  	2.917700000000000e+02	292	5.000000000000000e-01	1.000000000000000e+00
4.7669681375298e-06   	2.922800000000000e+02	292	5.099999999999909e-01	0.000000000000000e+00
4.77212255579471e-06  	2.927900000000000e+02	293	5.100000000000477e-01	1.000000000000000e+00
4.77725945715647e-06  	2.933000000000000e+02	293	5.099999999999909e-01	0.000000000000000e+00
4.78237923459304e-06  	2.938000000000000e+02	294	5.000000000000000e-01	1.000000000000000e+00
4.78748172753369e-06  	2.943100000000000e+02	294	5.099999999999909e-01	0.000000000000000e+00
4.79256705137455e-06  	2.948000000000000e+02	295	4.900000000000091e-01	1.000000000000000e+00
4.79763532036303e-06  	2.953000000000000e+02	295	5.000000000000000e-01	0.000000000000000e+00
4.80268664761297e-06  	2.957900000000000e+02	296	4.900000000000091e-01	1.000000000000000e+00
4.80772114511958e-06  	2.963000000000000e+02	296	5.099999999999909e-01	0.000000000000000e+00
4.81273865929072e-06  	2.968200000000000e+02	297	5.199999999999818e-01	1.000000000000000e+00
4.81773956615952e-06  	2.973300000000000e+02	297	5.099999999999909e-01	0.000000000000000e+00
4.82272345245305e-06  	2.978300000000000e+02	298	5.000000000000000e-01	1.000000000000000e+00
4.8276901735587e-06   	2.983500000000000e+02	298	5.200000000000387e-01	0.000000000000000e+00
4.83264010385601e-06  	2.988900000000000e+02	299	5.399999999999636e-01	1.000000000000000e+00
4.83757309991117e-06  	2.994300000000000e+02	299	5.400000000000205e-01	0.000000000000000e+00
4.84248978432864e-06  	2.999700000000000e+02	300	5.400000000000205e-01	1.000000000000000e+00
4.84739001143692e-06  	3.005200000000000e+02	301	5.499999999999545e-01	1.000000000000000e+00
4.85227389020243e-06  	3.010600000000000e+02	301	5.400000000000205e-01	0.000000000000000e+00
4.85714202661122e-06  	3.015900000000000e+02	302	5.299999999999727e-01	1.000000000000000e+00
4.86199427354989e-06  	3.021000000000000e+02	302	5.100000000000477e-01	0.000000000000000e+00
4.86683097948413e-06  	3.026000000000000e+02	303	5.000000000000000e-01	1.000000000000000e+00
4.87165224286445e-06  	3.031100000000000e+02	303	5.099999999999909e-01	0.000000000000000e+00
4.87645816121128e-06  	3.036000000000000e+02	304	4.900000000000091e-01	1.000000000000000e+00
4.8812490724094e-06   	3.041100000000000e+02	304	5.099999999999909e-01	0.000000000000000e+00
4.88602530896113e-06  	3.046200000000000e+02	305	5.099999999999909e-01	1.000000000000000e+00
4.8907867213906e-06   	3.051200000000000e+02	305	5.000000000000000e-01	0.000000000000000e+00
4.89553363760534e-06  	3.056200000000000e+02	306	5.000000000000000e-01	1.000000000000000e+00
4.90026638039521e-06  	3.061200000000000e+02	306	5.000000000000000e-01	0.000000000000000e+00
4.90498503344768e-06  	3.066300000000000e+02	307	5.099999999999909e-01	1.000000000000000e+00
4.90968967971328e-06  	3.071300000000000e+02	307	5.000000000000000e-01	0.000000000000000e+00
4.91438063281477e-06  	3.076200000000000e+02	308	4.900000000000091e-01	1.000000000000000e+00
4.91905774148999e-06  	3.081100000000000e+02	308	4.900000000000091e-01	0.000000000000000e+00
4.92372131527155e-06  	3.086400000000000e+02	309	5.299999999999727e-01	1.000000000000000e+00
4.92837165905657e-06  	3.091500000000000e+02	309	5.099999999999909e-01	0.000000000000000e+00
4.93300862088367e-06  	3.096900000000000e+02	310	5.400000000000205e-01	1.000000000000000e+00
4.93763250178732e-06  	3.102200000000000e+02	310	5.300000000000296e-01	0.000000000000000e+00
4.94224315109852e-06  	3.107500000000000e+02	311	5.299999999999727e-01	1.000000000000000e+00
4.94684086606098e-06  	3.112500000000000e+02	311	5.000000000000000e-01	0.000000000000000e+00
4.95142571842129e-06  	3.117500000000000e+02	312	5.000000000000000e-01	1.000000000000000e+00
4.95599777933243e-06  	3.122800000000000e+02	312	5.299999999999727e-01	0.000000000000000e+00
4.96055711936028e-06  	3.127900000000000e+02	313	5.100000000000477e-01	1.000000000000000e+00
4.9651038084901e-06   	3.133200000000000e+02	313	5.299999999999727e-01	0.000000000000000e+00
4.96963791613283e-06  	3.138200000000000e+02	314	5.000000000000000e-01	1.000000000000000e+00
4.97415951113134e-06  	3.143100000000000e+02	314	4.900000000000091e-01	0.000000000000000e+00
4.97866866176667e-06  	3.148100000000000e+02	315	5.000000000000000e-01	1.000000000000000e+00
4.98316543576403e-06  	3.153000000000000e+02	315	4.900000000000091e-01	0.000000000000000e+00
4.98764990029887e-06  	3.157900000000000e+02	316	4.900000000000091e-01	1.000000000000000e+00
4.99176660019925e-06  	3.162800000000000e+02	316	4.899999999999523e-01	0.000000000000000e+00
4.99588330009963e-06  	3.167800000000000e+02	317	5.000000000000000e-01	1.000000000000000e+00
5e-06                 	3.172800000000000e+02	317	5.000000000000000e-01	0.000000000000000e+00
5.00443904490444e-06  	3.236300000000000e+02	324	6.350000000000023e+00	7.000000000000000e+00
5.00886650393479e-06  	3.241200000000000e+02	324	4.900000000000091e-01	0.000000000000000e+00
5.01328243687589e-06  	3.246100000000000e+02	325	4.900000000000091e-01	1.000000000000000e+00
5.01768690305243e-06  	3.251000000000000e+02	325	4.900000000000091e-01	0.000000000000000e+00
5.02208016452777e-06  	3.256100000000000e+02	326	5.099999999999909e-01	1.000000000000000e+00
5.02646227765112e-06  	3.261100000000000e+02	326	5.000000000000000e-01	0.000000000000000e+00
5.03083329834895e-06  	3.266000000000000e+02	327	4.900000000000091e-01	1.000000000000000e+00
5.03519368249503e-06  	3.270800000000000e+02	327	4.799999999999613e-01	0.000000000000000e+00
5.03954328201491e-06  	3.275800000000000e+02	328	5.000000000000000e-01	1.000000000000000e+00
5.0438823478919e-06   	3.280600000000000e+02	328	4.800000000000182e-01	0.000000000000000e+00
5.04821112787239e-06  	3.285600000000000e+02	329	5.000000000000000e-01	1.000000000000000e+00
5.05252947373705e-06  	3.290400000000000e+02	329	4.800000000000182e-01	0.000000000000000e+00
5.05683782615225e-06  	3.295300000000000e+02	330	4.899999999999523e-01	1.000000000000000e+00
5.06113623081424e-06  	3.300000000000000e+02	330	4.700000000000273e-01	0.000000000000000e+00
5.06542473310754e-06  	3.305200000000000e+02	331	5.199999999999818e-01	1.000000000000000e+00
5.06970357095254e-06  	3.310000000000000e+02	331	4.800000000000182e-01	0.000000000000000e+00
5.07397240342079e-06  	3.314800000000000e+02	331	4.800000000000182e-01	0.000000000000000e+00
5.07823185005081e-06  	3.319600000000000e+02	332	4.799999999999613e-01	1.000000000000000e+00
5.08248138079128e-06  	3.324400000000000e+02	332	4.800000000000182e-01	0.000000000000000e+00
5.08672142003988e-06  	3.329300000000000e+02	333	4.900000000000091e-01	1.000000000000000e+00
5.09095182111761e-06  	3.334100000000000e+02	333	4.800000000000182e-01	0.000000000000000e+00
5.09517281503262e-06  	3.338900000000000e+02	334	4.799999999999613e-01	1.000000000000000e+00
5.09938444311396e-06  	3.343800000000000e+02	334	4.900000000000091e-01	0.000000000000000e+00
5.10358674641985e-06  	3.348800000000000e+02	335	5.000000000000000e-01	1.000000000000000e+00
5.10777995101768e-06  	3.353800000000000e+02	335	5.000000000000000e-01	0.000000000000000e+00
5.1119639113373e-06   	3.358600000000000e+02	336	4.800000000000182e-01	1.000000000000000e+00
5.11613885132712e-06  	3.363400000000000e+02	336	4.799999999999613e-01	0.000000000000000e+00
5.12030444361568e-06  	3.368100000000000e+02	337	4.700000000000273e-01	1.000000000000000e+00
5.12446109373205e-06  	3.373000000000000e+02	337	4.900000000000091e-01	0.000000000000000e+00
5.12860883959663e-06  	3.377800000000000e+02	338	4.799999999999613e-01	1.000000000000000e+00
5.13274753833416e-06  	3.382600000000000e+02	338	4.800000000000182e-01	0.000000000000000e+00
5.13687758850663e-06  	3.387500000000000e+02	339	4.900000000000091e-01	1.000000000000000e+00
5.14099866771995e-06  	3.392300000000000e+02	339	4.800000000000182e-01	0.000000000000000e+00
5.14511117102925e-06  	3.397200000000000e+02	340	4.900000000000091e-01	1.000000000000000e+00
5.14921513368356e-06  	3.402100000000000e+02	340	4.899999999999523e-01	0.000000000000000e+00
5.15331059071578e-06  	3.407000000000000e+02	341	4.900000000000091e-01	1.000000000000000e+00
5.15739775306213e-06  	3.411800000000000e+02	341	4.800000000000182e-01	0.000000000000000e+00
5.16147647848452e-06  	3.416800000000000e+02	342	5.000000000000000e-01	1.000000000000000e+00
5.16554715079637e-06  	3.421800000000000e+02	342	5.000000000000000e-01	0.000000000000000e+00
5.16960962735777e-06  	3.426800000000000e+02	343	5.000000000000000e-01	1.000000000000000e+00
5.17366411409823e-06  	3.432000000000000e+02	343	5.199999999999818e-01	0.000000000000000e+00
5.17771081472921e-06  	3.436900000000000e+02	344	4.900000000000091e-01	1.000000000000000e+00
5.18174958673642e-06  	3.441800000000000e+02	344	4.900000000000091e-01	0.000000000000000e+00
5.18578063215829e-06  	3.446800000000000e+02	345	5.000000000000000e-01	1.000000000000000e+00
5.18980398017526e-06  	3.451700000000000e+02	345	4.900000000000091e-01	0.000000000000000e+00
5.19381965980338e-06  	3.456700000000000e+02	346	5.000000000000000e-01	1.000000000000000e+00
5.19782769989555e-06  	3.461700000000000e+02	346	5.000000000000000e-01	0.000000000000000e+00
5.2018282979586e-06   	3.466600000000000e+02	347	4.900000000000091e-01	1.000000000000000e+00
5.20582131306757e-06  	3.471700000000000e+02	347	5.099999999999909e-01	0.000000000000000e+00
5.20980694116574e-06  	3.476700000000000e+02	348	5.000000000000000e-01	1.000000000000000e+00
5.21378520922546e-06  	3.481600000000000e+02	348	4.900000000000091e-01	0.000000000000000e+00
5.21775614407216e-06  	3.486600000000000e+02	349	5.000000000000000e-01	1.000000000000000e+00
5.22171977238546e-06  	3.491500000000000e+02	349	4.899999999999523e-01	0.000000000000000e+00
5.22567612070018e-06  	3.496400000000000e+02	350	4.900000000000091e-01	1.000000000000000e+00
5.22962537996676e-06  	3.501300000000000e+02	350	4.900000000000091e-01	0.000000000000000e+00
5.23356757525046e-06  	3.506400000000000e+02	351	5.099999999999909e-01	1.000000000000000e+00
5.2375025680846e-06   	3.511200000000000e+02	351	4.800000000000182e-01	0.000000000000000e+00
5.24143054725277e-06  	3.516000000000000e+02	352	4.800000000000182e-01	1.000000000000000e+00
5.24535153742336e-06  	3.520800000000000e+02	352	4.799999999999613e-01	0.000000000000000e+00
5.24926572481854e-06  	3.525700000000000e+02	353	4.900000000000091e-01	1.000000000000000e+00
5.25317297159278e-06  	3.530500000000000e+02	353	4.800000000000182e-01	0.000000000000000e+00
5.25707330203195e-06  	3.535300000000000e+02	354	4.799999999999613e-01	1.000000000000000e+00
5.26096690030171e-06  	3.540000000000000e+02	354	4.700000000000273e-01	0.000000000000000e+00
5.26485378932688e-06  	3.544800000000000e+02	354	4.800000000000182e-01	0.000000000000000e+00
5.26873399191589e-06  	3.549800000000000e+02	355	5.000000000000000e-01	1.000000000000000e+00
5.27260768915605e-06  	3.554600000000000e+02	355	4.799999999999613e-01	0.000000000000000e+00
5.27647474468801e-06  	3.559500000000000e+02	356	4.900000000000091e-01	1.000000000000000e+00
5.28033533831596e-06  	3.564300000000000e+02	356	4.800000000000182e-01	0.000000000000000e+00
5.28418949133767e-06  	3.569400000000000e+02	357	5.099999999999909e-01	1.000000000000000e+00
5.28803722494625e-06  	3.574100000000000e+02	357	4.700000000000273e-01	0.000000000000000e+00
5.29187856023077e-06  	3.579300000000000e+02	358	5.199999999999818e-01	1.000000000000000e+00
5.29571289713116e-06  	3.584300000000000e+02	358	5.000000000000000e-01	0.000000000000000e+00
5.29954041550415e-06  	3.589200000000000e+02	359	4.900000000000091e-01	1.000000000000000e+00
5.30336113928308e-06  	3.594300000000000e+02	359	5.099999999999909e-01	0.000000000000000e+00
5.30717509227598e-06  	3.599300000000000e+02	360	5.000000000000000e-01	1.000000000000000e+00
5.31098245124457e-06  	3.604300000000000e+02	360	5.000000000000000e-01	0.000000000000000e+00
5.31478308613052e-06  	3.609200000000000e+02	361	4.900000000000091e-01	1.000000000000000e+00
5.31857732443603e-06  	3.614100000000000e+02	361	4.900000000000091e-01	0.000000000000000e+00
5.32236488434784e-06  	3.619000000000000e+02	362	4.899999999999523e-01	1.000000000000000e+00
5.32614594006332e-06  	3.624000000000000e+02	362	5.000000000000000e-01	0.000000000000000e+00
5.32992066411978e-06  	3.628800000000000e+02	363	4.800000000000182e-01	1.000000000000000e+00
5.33368892743769e-06  	3.633800000000000e+02	363	5.000000000000000e-01	0.000000000000000e+00
5.33745075183954e-06  	3.638800000000000e+02	364	5.000000000000000e-01	1.000000000000000e+00
5.34120630802649e-06  	3.643700000000000e+02	364	4.900000000000091e-01	0.000000000000000e+00
5.34495546810618e-06  	3.648600000000000e+02	365	4.900000000000091e-01	1.000000000000000e+00
5.34869840157653e-06  	3.653600000000000e+02	365	5.000000000000000e-01	0.000000000000000e+00
5.35243512884059e-06  	3.658700000000000e+02	366	5.099999999999909e-01	1.000000000000000e+00
5.35616567020163e-06  	3.663600000000000e+02	366	4.900000000000091e-01	0.000000000000000e+00
5.3598901924294e-06   	3.668600000000000e+02	367	5.000000000000000e-01	1.000000000000000e+00
5.3636087146803e-06   	3.673500000000000e+02	367	4.900000000000091e-01	0.000000000000000e+00
5.3673212560198e-06   	3.678300000000000e+02	368	4.799999999999613e-01	1.000000000000000e+00
5.37102783542304e-06  	3.683300000000000e+02	368	5.000000000000000e-01	0.000000000000000e+00
5.37472847177533e-06  	3.688200000000000e+02	369	4.900000000000091e-01	1.000000000000000e+00
5.3784231838728e-06   	3.693000000000000e+02	369	4.800000000000182e-01	0.000000000000000e+00
5.382112134236e-06    	3.697800000000000e+02	370	4.799999999999613e-01	1.000000000000000e+00
5.38579534058369e-06  	3.702600000000000e+02	370	4.800000000000182e-01	0.000000000000000e+00
5.38947282055335e-06  	3.707200000000000e+02	371	4.600000000000364e-01	1.000000000000000e+00
5.3931445917017e-06   	3.712000000000000e+02	371	4.799999999999613e-01	0.000000000000000e+00
5.39681067150517e-06  	3.716700000000000e+02	372	4.700000000000273e-01	1.000000000000000e+00
5.40047121899505e-06  	3.721400000000000e+02	372	4.699999999999704e-01	0.000000000000000e+00
5.4041261094166e-06   	3.726400000000000e+02	373	5.000000000000000e-01	1.000000000000000e+00
5.40777550079388e-06  	3.731200000000000e+02	373	4.800000000000182e-01	0.000000000000000e+00
5.41141940943825e-06  	3.735900000000000e+02	374	4.699999999999704e-01	1.000000000000000e+00
5.41505785158891e-06  	3.740700000000000e+02	374	4.800000000000182e-01	0.000000000000000e+00
5.41869084341331e-06  	3.745500000000000e+02	375	4.800000000000182e-01	1.000000000000000e+00
5.42231854014378e-06  	3.750200000000000e+02	375	4.699999999999704e-01	0.000000000000000e+00
5.42594081825407e-06  	3.755000000000000e+02	376	4.800000000000182e-01	1.000000000000000e+00
5.42955783202933e-06  	3.759900000000000e+02	376	4.900000000000091e-01	0.000000000000000e+00
5.43316959654843e-06  	3.764700000000000e+02	376	4.800000000000182e-01	0.000000000000000e+00
5.43677612682582e-06  	3.769700000000000e+02	377	5.000000000000000e-01	1.000000000000000e+00
5.44037757496815e-06  	3.774500000000000e+02	377	4.799999999999613e-01	0.000000000000000e+00
5.44397381830979e-06  	3.779400000000000e+02	378	4.900000000000091e-01	1.000000000000000e+00
5.44756500806222e-06  	3.784200000000000e+02	378	4.800000000000182e-01	0.000000000000000e+00
5.45115115821742e-06  	3.789200000000000e+02	379	5.000000000000000e-01	1.000000000000000e+00
5.45473228270957e-06  	3.794400000000000e+02	379	5.199999999999818e-01	0.000000000000000e+00
5.45830839541542e-06  	3.799700000000000e+02	380	5.300000000000296e-01	1.000000000000000e+00
5.46187964505108e-06  	3.804500000000000e+02	380	4.799999999999613e-01	0.000000000000000e+00
5.46544604464195e-06  	3.809300000000000e+02	381	4.800000000000182e-01	1.000000000000000e+00
5.46900747298566e-06  	3.814300000000000e+02	381	5.000000000000000e-01	0.000000000000000e+00
5.4725640775429e-06   	3.819200000000000e+02	382	4.900000000000091e-01	1.000000000000000e+00
5.47611600464329e-06  	3.824200000000000e+02	382	5.000000000000000e-01	0.000000000000000e+00
5.47966313328316e-06  	3.829100000000000e+02	383	4.900000000000091e-01	1.000000000000000e+00
5.48320547623061e-06  	3.834300000000000e+02	383	5.199999999999818e-01	0.000000000000000e+00
5.48674304620305e-06  	3.839100000000000e+02	384	4.800000000000182e-01	1.000000000000000e+00
5.49027585586753e-06  	3.843900000000000e+02	384	4.799999999999613e-01	0.000000000000000e+00
5.49380391784096e-06  	3.849200000000000e+02	385	5.300000000000296e-01	1.000000000000000e+00
5.49732724469038e-06  	3.854400000000000e+02	385	5.199999999999818e-01	0.000000000000000e+00
5.50084597994582e-06  	3.859600000000000e+02	386	5.199999999999818e-01	1.000000000000000e+00
5.50436000471229e-06  	3.864700000000000e+02	387	5.100000000000477e-01	1.000000000000000e+00
5.5078694617425e-06   	3.869600000000000e+02	387	4.899999999999523e-01	0.000000000000000e+00
5.51137436272686e-06  	3.874700000000000e+02	388	5.100000000000477e-01	1.000000000000000e+00
5.51487471931118e-06  	3.879700000000000e+02	388	5.000000000000000e-01	0.000000000000000e+00
5.51837067244252e-06  	3.884800000000000e+02	389	5.099999999999909e-01	1.000000000000000e+00
5.52186210399817e-06  	3.890100000000000e+02	389	5.299999999999727e-01	0.000000000000000e+00
5.52534915418995e-06  	3.895600000000000e+02	390	5.500000000000114e-01	1.000000000000000e+00
5.5288317054597e-06   	3.900700000000000e+02	390	5.099999999999909e-01	0.000000000000000e+00
5.5323098972897e-06   	3.905500000000000e+02	391	4.800000000000182e-01	1.000000000000000e+00
5.53578386816833e-06  	3.910600000000000e+02	391	5.099999999999909e-01	0.000000000000000e+00
5.53925350073029e-06  	3.915800000000000e+02	392	5.199999999999818e-01	1.000000000000000e+00
5.54271880563873e-06  	3.920700000000000e+02	392	4.900000000000091e-01	0.000000000000000e+00
5.54617992033568e-06  	3.925700000000000e+02	393	5.000000000000000e-01	1.000000000000000e+00
5.54963672827301e-06  	3.930500000000000e+02	393	4.800000000000182e-01	0.000000000000000e+00
5.55308936620516e-06  	3.935500000000000e+02	394	5.000000000000000e-01	1.000000000000000e+00
5.55653784402879e-06  	3.940700000000000e+02	394	5.199999999999818e-01	0.000000000000000e+00
5.5599821716056e-06   	3.945600000000000e+02	395	4.900000000000091e-01	1.000000000000000e+00
5.5634223587624e-06   	3.950500000000000e+02	395	4.900000000000091e-01	0.000000000000000e+00
5.56685854031613e-06  	3.955300000000000e+02	396	4.799999999999613e-01	1.000000000000000e+00
5.57029060069991e-06  	3.960400000000000e+02	396	5.100000000000477e-01	0.000000000000000e+00
5.57371867408259e-06  	3.965400000000000e+02	397	5.000000000000000e-01	1.000000000000000e+00
5.57714276957252e-06  	3.970200000000000e+02	397	4.799999999999613e-01	0.000000000000000e+00
5.58056289624705e-06  	3.975000000000000e+02	398	4.800000000000182e-01	1.000000000000000e+00
5.58397906315265e-06  	3.979800000000000e+02	398	4.800000000000182e-01	0.000000000000000e+00
5.58739127930504e-06  	3.984600000000000e+02	398	4.799999999999613e-01	0.000000000000000e+00
5.59079967673178e-06  	3.989300000000000e+02	399	4.700000000000273e-01	1.000000000000000e+00
5.59420414106135e-06  	3.994300000000000e+02	399	5.000000000000000e-01	0.000000000000000e+00
5.59760468121908e-06  	3.999100000000000e+02	400	4.800000000000182e-01	1.000000000000000e+00
5.60100142831605e-06  	4.003800000000000e+02	400	4.699999999999704e-01	0.000000000000000e+00
5.60439439066856e-06  	4.008700000000000e+02	401	4.900000000000091e-01	1.000000000000000e+00
5.60778357656578e-06  	4.013600000000000e+02	401	4.900000000000091e-01	0.000000000000000e+00
5.6111689942698e-06   	4.018900000000000e+02	402	5.299999999999727e-01	1.000000000000000e+00
5.61455065201578e-06  	4.023600000000000e+02	402	4.700000000000273e-01	0.000000000000000e+00
5.61792855801205e-06  	4.028400000000000e+02	403	4.799999999999613e-01	1.000000000000000e+00
5.62130284107101e-06  	4.033200000000000e+02	403	4.800000000000182e-01	0.000000000000000e+00
5.62467350882668e-06  	4.038000000000000e+02	404	4.800000000000182e-01	1.000000000000000e+00
5.62804044876572e-06  	4.042700000000000e+02	404	4.699999999999704e-01	0.000000000000000e+00
5.63140390872549e-06  	4.047400000000000e+02	405	4.700000000000273e-01	1.000000000000000e+00
5.63476377614071e-06  	4.052100000000000e+02	405	4.699999999999704e-01	0.000000000000000e+00
5.63812005855015e-06  	4.056900000000000e+02	406	4.800000000000182e-01	1.000000000000000e+00
5.64147276346901e-06  	4.061700000000000e+02	406	4.800000000000182e-01	0.000000000000000e+00
5.6448220172665e-06   	4.066400000000000e+02	407	4.699999999999704e-01	1.000000000000000e+00
5.64816782691803e-06  	4.071200000000000e+02	407	4.800000000000182e-01	0.000000000000000e+00
5.65151008098013e-06  	4.076000000000000e+02	408	4.800000000000182e-01	1.000000000000000e+00
5.65484890502709e-06  	4.080700000000000e+02	408	4.699999999999704e-01	0.000000000000000e+00
5.65818430597084e-06  	4.085400000000000e+02	409	4.700000000000273e-01	1.000000000000000e+00
5.66151640838648e-06  	4.090700000000000e+02	409	5.299999999999727e-01	0.000000000000000e+00
5.66484510121989e-06  	4.095900000000000e+02	410	5.199999999999818e-01	1.000000000000000e+00
5.66817039132172e-06  	4.101100000000000e+02	410	5.200000000000387e-01	0.000000000000000e+00
5.6714924025067e-06   	4.106400000000000e+02	411	5.299999999999727e-01	1.000000000000000e+00
5.6748111411197e-06   	4.111700000000000e+02	411	5.300000000000296e-01	0.000000000000000e+00
5.67812649695461e-06  	4.116900000000000e+02	412	5.199999999999818e-01	1.000000000000000e+00
5.68143859308155e-06  	4.122200000000000e+02	412	5.300000000000296e-01	0.000000000000000e+00
5.68474755187354e-06  	4.127600000000000e+02	413	5.399999999999636e-01	1.000000000000000e+00
5.68805326329088e-06  	4.132900000000000e+02	413	5.300000000000296e-01	0.000000000000000e+00
5.6913557335877e-06   	4.138200000000000e+02	414	5.299999999999727e-01	1.000000000000000e+00
5.69465508442266e-06  	4.143300000000000e+02	414	5.099999999999909e-01	0.000000000000000e+00
5.69795120636581e-06  	4.148200000000000e+02	415	4.900000000000091e-01	1.000000000000000e+00
5.70124422060591e-06  	4.153000000000000e+02	415	4.800000000000182e-01	0.000000000000000e+00
5.70453401811426e-06  	4.157900000000000e+02	416	4.900000000000091e-01	1.000000000000000e+00
5.70782037597095e-06  	4.162600000000000e+02	416	4.699999999999704e-01	0.000000000000000e+00
5.71110318694557e-06  	4.167700000000000e+02	417	5.099999999999909e-01	1.000000000000000e+00
5.71438234451714e-06  	4.172500000000000e+02	417	4.800000000000182e-01	0.000000000000000e+00
5.71765808428213e-06  	4.177200000000000e+02	418	4.700000000000273e-01	1.000000000000000e+00
5.72093029966809e-06  	4.181800000000000e+02	418	4.599999999999795e-01	0.000000000000000e+00
5.72419899812873e-06  	4.186600000000000e+02	419	4.800000000000182e-01	1.000000000000000e+00
5.72746430018615e-06  	4.191400000000000e+02	419	4.799999999999613e-01	0.000000000000000e+00
5.73072621277394e-06  	4.196200000000000e+02	420	4.800000000000182e-01	1.000000000000000e+00
5.73398463017352e-06  	4.200900000000000e+02	420	4.699999999999704e-01	0.000000000000000e+00
5.73723967214071e-06  	4.205600000000000e+02	421	4.700000000000273e-01	1.000000000000000e+00
5.74049134554538e-06  	4.210400000000000e+02	421	4.800000000000182e-01	0.000000000000000e+00
5.74373965723655e-06  	4.215100000000000e+02	422	4.699999999999704e-01	1.000000000000000e+00
5.74698461404251e-06  	4.219800000000000e+02	422	4.700000000000273e-01	0.000000000000000e+00
5.75022622277088e-06  	4.224500000000000e+02	423	4.699999999999704e-01	1.000000000000000e+00
5.75346460147406e-06  	4.229300000000000e+02	423	4.800000000000182e-01	0.000000000000000e+00
5.75669964542416e-06  	4.234100000000000e+02	423	4.800000000000182e-01	0.000000000000000e+00
5.75993147219124e-06  	4.238800000000000e+02	424	4.699999999999704e-01	1.000000000000000e+00
5.76315997745084e-06  	4.243500000000000e+02	424	4.700000000000273e-01	0.000000000000000e+00
5.76638527829356e-06  	4.248200000000000e+02	425	4.699999999999704e-01	1.000000000000000e+00
5.76960738096475e-06  	4.253000000000000e+02	425	4.800000000000182e-01	0.000000000000000e+00
5.77282629169164e-06  	4.257900000000000e+02	426	4.900000000000091e-01	1.000000000000000e+00
5.77604201668339e-06  	4.262700000000000e+02	426	4.799999999999613e-01	0.000000000000000e+00
5.77925456213117e-06  	4.267500000000000e+02	427	4.800000000000182e-01	1.000000000000000e+00
5.78246393420822e-06  	4.272200000000000e+02	427	4.700000000000273e-01	0.000000000000000e+00
5.78567013906991e-06  	4.276900000000000e+02	428	4.699999999999704e-01	1.000000000000000e+00
5.78887329175277e-06  	4.281600000000000e+02	428	4.700000000000273e-01	0.000000000000000e+00
5.79207328926332e-06  	4.286400000000000e+02	429	4.799999999999613e-01	1.000000000000000e+00
5.79527024618985e-06  	4.291100000000000e+02	429	4.700000000000273e-01	0.000000000000000e+00
5.79846405991896e-06  	4.295900000000000e+02	430	4.799999999999613e-01	1.000000000000000e+00
5.80165484459328e-06  	4.300700000000000e+02	430	4.800000000000182e-01	0.000000000000000e+00
5.80484260585066e-06  	4.305400000000000e+02	431	4.700000000000273e-01	1.000000000000000e+00
5.80802734931328e-06  	4.310100000000000e+02	431	4.699999999999704e-01	0.000000000000000e+00
5.8112090805878e-06   	4.314800000000000e+02	432	4.700000000000273e-01	1.000000000000000e+00
5.81438780526531e-06  	4.319600000000000e+02	432	4.799999999999613e-01	0.000000000000000e+00
5.81756363600324e-06  	4.324300000000000e+02	433	4.700000000000273e-01	1.000000000000000e+00
5.82073647107816e-06  	4.329100000000000e+02	433	4.800000000000182e-01	0.000000000000000e+00
5.82390631603555e-06  	4.333900000000000e+02	433	4.799999999999613e-01	0.000000000000000e+00
5.8270732829012e-06   	4.338700000000000e+02	434	4.800000000000182e-01	1.000000000000000e+00
5.83023737680024e-06  	4.343600000000000e+02	434	4.900000000000091e-01	0.000000000000000e+00
5.83339860284419e-06  	4.348300000000000e+02	435	4.699999999999704e-01	1.000000000000000e+00
5.83655696613103e-06  	4.353200000000000e+02	435	4.900000000000091e-01	0.000000000000000e+00
5.83971247174525e-06  	4.358000000000000e+02	436	4.800000000000182e-01	1.000000000000000e+00
5.84286501920501e-06  	4.362800000000000e+02	436	4.799999999999613e-01	0.000000000000000e+00
5.84601482467722e-06  	4.367700000000000e+02	437	4.900000000000091e-01	1.000000000000000e+00
5.84916178764976e-06  	4.372800000000000e+02	437	5.099999999999909e-01	0.000000000000000e+00
5.8523059131536e-06   	4.377500000000000e+02	438	4.700000000000273e-01	1.000000000000000e+00
5.85544731102103e-06  	4.382400000000000e+02	438	4.900000000000091e-01	0.000000000000000e+00
5.85858588125336e-06  	4.387600000000000e+02	439	5.199999999999818e-01	1.000000000000000e+00
5.86172173329422e-06  	4.392800000000000e+02	439	5.199999999999818e-01	0.000000000000000e+00
5.86485487175746e-06  	4.398000000000000e+02	440	5.200000000000387e-01	1.000000000000000e+00
5.86798519714747e-06  	4.403300000000000e+02	440	5.299999999999727e-01	0.000000000000000e+00
5.8711128183324e-06   	4.408600000000000e+02	441	5.300000000000296e-01	1.000000000000000e+00
5.87423773989078e-06  	4.413800000000000e+02	441	5.199999999999818e-01	0.000000000000000e+00
5.87735996638961e-06  	4.419000000000000e+02	442	5.199999999999818e-01	1.000000000000000e+00
5.88047960577954e-06  	4.424300000000000e+02	443	5.300000000000296e-01	1.000000000000000e+00
5.88359655903144e-06  	4.429600000000000e+02	443	5.299999999999727e-01	0.000000000000000e+00
5.88671083067834e-06  	4.434400000000000e+02	444	4.800000000000182e-01	1.000000000000000e+00
5.88982242524189e-06  	4.439200000000000e+02	444	4.800000000000182e-01	0.000000000000000e+00
5.89293144993878e-06  	4.443900000000000e+02	444	4.699999999999704e-01	0.000000000000000e+00
5.89603780638539e-06  	4.448700000000000e+02	445	4.800000000000182e-01	1.000000000000000e+00
5.89914160143779e-06  	4.453600000000000e+02	445	4.900000000000091e-01	0.000000000000000e+00
5.90224283923229e-06  	4.458400000000000e+02	446	4.799999999999613e-01	1.000000000000000e+00
5.90534152389527e-06  	4.463100000000000e+02	446	4.700000000000273e-01	0.000000000000000e+00
5.9084376595432e-06   	4.467800000000000e+02	447	4.699999999999704e-01	1.000000000000000e+00
5.91153125028265e-06  	4.472600000000000e+02	447	4.800000000000182e-01	0.000000000000000e+00
5.91462230021036e-06  	4.477200000000000e+02	448	4.600000000000364e-01	1.000000000000000e+00
5.91771081341326e-06  	4.482000000000000e+02	448	4.799999999999613e-01	0.000000000000000e+00
5.92079679396847e-06  	4.486700000000000e+02	449	4.700000000000273e-01	1.000000000000000e+00
5.92388024594336e-06  	4.491400000000000e+02	449	4.699999999999704e-01	0.000000000000000e+00
5.92696127429713e-06  	4.496200000000000e+02	450	4.800000000000182e-01	1.000000000000000e+00
5.93003978201117e-06  	4.501000000000000e+02	450	4.800000000000182e-01	0.000000000000000e+00
5.93311587370922e-06  	4.505800000000000e+02	451	4.799999999999613e-01	1.000000000000000e+00
5.93618945267104e-06  	4.510600000000000e+02	451	4.800000000000182e-01	0.000000000000000e+00
5.93926062318649e-06  	4.515400000000000e+02	452	4.800000000000182e-01	1.000000000000000e+00
5.94232938894868e-06  	4.520100000000000e+02	452	4.699999999999704e-01	0.000000000000000e+00
5.94539575364226e-06  	4.524800000000000e+02	453	4.700000000000273e-01	1.000000000000000e+00
5.94845962113351e-06  	4.529600000000000e+02	453	4.799999999999613e-01	0.000000000000000e+00
5.95152119471355e-06  	4.534300000000000e+02	454	4.700000000000273e-01	1.000000000000000e+00
5.95458037822867e-06  	4.539100000000000e+02	454	4.800000000000182e-01	0.000000000000000e+00
5.95763717533007e-06  	4.543700000000000e+02	454	4.599999999999795e-01	0.000000000000000e+00
5.96069158966067e-06  	4.548500000000000e+02	455	4.800000000000182e-01	1.000000000000000e+00
5.96374362485508e-06  	4.553300000000000e+02	455	4.799999999999613e-01	0.000000000000000e+00
5.96679338344544e-06  	4.558000000000000e+02	456	4.700000000000273e-01	1.000000000000000e+00
5.96984086875192e-06  	4.562800000000000e+02	456	4.799999999999613e-01	0.000000000000000e+00
5.97288598546979e-06  	4.567600000000000e+02	457	4.800000000000182e-01	1.000000000000000e+00
5.97592883566929e-06  	4.572400000000000e+02	457	4.800000000000182e-01	0.000000000000000e+00
5.9789694226487e-06   	4.577300000000000e+02	458	4.900000000000091e-01	1.000000000000000e+00
5.98200765151761e-06  	4.582200000000000e+02	458	4.900000000000091e-01	0.000000000000000e+00
5.98504362388742e-06  	4.587000000000000e+02	459	4.799999999999613e-01	1.000000000000000e+00
5.98807734303477e-06  	4.591800000000000e+02	459	4.800000000000182e-01	0.000000000000000e+00
