# time                
# Time                	cpu                   	clock                 	cpu/step              	clock/step            
0                     	1.100000000000000e-01	0	0.000000000000000e+00	0.000000000000000e+00
1.19999904000077e-10  	5.330000000000000e+00	5	5.220000000000000e+00	5.000000000000000e+00
2.63999616000445e-10  	1.039000000000000e+01	10	5.060000000000000e+00	5.000000000000000e+00
4.36799071335788e-10  	1.542000000000000e+01	15	5.029999999999999e+00	5.000000000000000e+00
6.4415820274799e-10   	2.043000000000000e+01	20	5.010000000000000e+00	5.000000000000000e+00
8.92988954051989e-10  	2.406000000000000e+01	24	3.629999999999999e+00	4.000000000000000e+00
1.19158555841406e-09  	2.906000000000000e+01	29	5.000000000000000e+00	5.000000000000000e+00
1.54990019973483e-09  	3.409000000000000e+01	34	5.030000000000005e+00	5.000000000000000e+00
1.97987715304205e-09  	3.920000000000000e+01	39	5.109999999999999e+00	5.000000000000000e+00
2.49584683469715e-09  	4.432000000000000e+01	44	5.119999999999997e+00	5.000000000000000e+00
3.11500725792346e-09  	4.946000000000000e+01	49	5.140000000000001e+00	5.000000000000000e+00
3.85799792561604e-09  	5.456000000000000e+01	54	5.100000000000001e+00	5.000000000000000e+00
4.74957877730543e-09  	5.973000000000000e+01	59	5.169999999999995e+00	5.000000000000000e+00
5.81947007569327e-09  	6.486000000000000e+01	64	5.130000000000003e+00	5.000000000000000e+00
7.10332314980061e-09  	7.003000000000000e+01	70	5.170000000000002e+00	6.000000000000000e+00
8.6439270582337e-09   	7.551000000000001e+01	75	5.480000000000004e+00	5.000000000000000e+00
1.04926403548289e-08  	8.064000000000000e+01	80	5.129999999999995e+00	5.000000000000000e+00
1.27110799039868e-08  	8.588000000000000e+01	86	5.239999999999995e+00	6.000000000000000e+00
1.53731482990905e-08  	9.101000000000001e+01	91	5.130000000000010e+00	5.000000000000000e+00
1.85675453231065e-08  	9.628000000000000e+01	96	5.269999999999996e+00	5.000000000000000e+00
2.24007482696493e-08  	1.015700000000000e+02	101	5.289999999999992e+00	5.000000000000000e+00
2.70003801822243e-08  	1.068800000000000e+02	106	5.310000000000002e+00	5.000000000000000e+00
3.25197861127614e-08  	1.121200000000000e+02	112	5.240000000000009e+00	6.000000000000000e+00
3.91427806943095e-08  	1.173300000000000e+02	117	5.209999999999994e+00	5.000000000000000e+00
4.7090058259845e-08   	1.225800000000000e+02	122	5.250000000000000e+00	5.000000000000000e+00
5.66266396873558e-08  	1.279200000000000e+02	128	5.340000000000003e+00	6.000000000000000e+00
6.8069663887071e-08   	1.333600000000000e+02	133	5.440000000000012e+00	5.000000000000000e+00
8.18003495611728e-08  	1.388800000000000e+02	139	5.519999999999982e+00	6.000000000000000e+00
9.8274908448302e-08   	1.443800000000000e+02	144	5.500000000000000e+00	5.000000000000000e+00
1.18041771347303e-07  	1.499300000000000e+02	150	5.550000000000011e+00	6.000000000000000e+00
1.41761068005734e-07  	1.554500000000000e+02	155	5.519999999999982e+00	5.000000000000000e+00
1.7021881634771e-07   	1.610600000000000e+02	161	5.610000000000014e+00	6.000000000000000e+00
2.04360328380423e-07  	1.669600000000000e+02	167	5.900000000000006e+00	6.000000000000000e+00
2.45327339739873e-07  	1.729500000000000e+02	173	5.989999999999981e+00	6.000000000000000e+00
2.94467572577439e-07  	1.788800000000000e+02	179	5.930000000000007e+00	6.000000000000000e+00
3.53430040009386e-07  	1.847900000000000e+02	184	5.909999999999997e+00	5.000000000000000e+00
4.24151523302496e-07  	1.884100000000000e+02	188	3.620000000000005e+00	4.000000000000000e+00
5.07828706896359e-07  	1.908000000000000e+02	190	2.390000000000015e+00	2.000000000000000e+00
6.02583155746934e-07  	1.933100000000000e+02	193	2.509999999999991e+00	3.000000000000000e+00
6.98526608299302e-07  	1.957700000000000e+02	195	2.460000000000008e+00	2.000000000000000e+00
7.83472265606146e-07  	1.980100000000000e+02	198	2.239999999999981e+00	3.000000000000000e+00
8.60803931805985e-07  	2.002200000000000e+02	200	2.210000000000008e+00	2.000000000000000e+00
9.32436298907281e-07  	2.022200000000000e+02	202	2.000000000000000e+00	2.000000000000000e+00
9.99555244504228e-07  	2.041700000000000e+02	204	1.949999999999989e+00	2.000000000000000e+00
1.06309853382098e-06  	2.060700000000000e+02	206	1.900000000000006e+00	2.000000000000000e+00
1.12364743312708e-06  	2.080000000000000e+02	208	1.930000000000007e+00	2.000000000000000e+00
1.18170753445819e-06  	2.098700000000000e+02	209	1.870000000000005e+00	1.000000000000000e+00
1.2376635324568e-06   	2.117400000000000e+02	211	1.870000000000005e+00	2.000000000000000e+00
1.29177988120614e-06  	2.135100000000000e+02	213	1.769999999999982e+00	2.000000000000000e+00
1.34428425360975e-06  	2.152300000000000e+02	215	1.719999999999999e+00	2.000000000000000e+00
1.39540120477368e-06  	2.169500000000000e+02	217	1.719999999999999e+00	2.000000000000000e+00
1.44525186139412e-06  	2.186300000000000e+02	218	1.680000000000007e+00	1.000000000000000e+00
1.49399308203636e-06  	2.203700000000000e+02	220	1.740000000000009e+00	2.000000000000000e+00
1.54174199474502e-06  	2.220500000000000e+02	222	1.680000000000007e+00	2.000000000000000e+00
1.58858226972373e-06  	2.236800000000000e+02	223	1.629999999999995e+00	1.000000000000000e+00
1.63461193189879e-06  	2.253800000000000e+02	225	1.699999999999989e+00	2.000000000000000e+00
1.67985820055937e-06  	2.270300000000000e+02	227	1.650000000000006e+00	2.000000000000000e+00
1.72438725028738e-06  	2.286500000000000e+02	228	1.620000000000005e+00	1.000000000000000e+00
1.76820161174512e-06  	2.302300000000000e+02	230	1.579999999999984e+00	2.000000000000000e+00
1.81132356011573e-06  	2.318200000000000e+02	231	1.590000000000003e+00	1.000000000000000e+00
1.85381108778336e-06  	2.334600000000000e+02	233	1.640000000000015e+00	2.000000000000000e+00
1.89566447324699e-06  	2.350400000000000e+02	235	1.579999999999984e+00	2.000000000000000e+00
1.93690210902957e-06  	2.365900000000000e+02	236	1.550000000000011e+00	1.000000000000000e+00
1.97752476764223e-06  	2.381100000000000e+02	238	1.520000000000010e+00	2.000000000000000e+00
2.01755027814952e-06  	2.396300000000000e+02	239	1.519999999999982e+00	1.000000000000000e+00
2.05697983538166e-06  	2.411500000000000e+02	241	1.520000000000010e+00	2.000000000000000e+00
2.09579989886347e-06  	2.427500000000000e+02	242	1.599999999999994e+00	1.000000000000000e+00
2.13401387236118e-06  	2.443800000000000e+02	244	1.629999999999995e+00	2.000000000000000e+00
2.17161125466147e-06  	2.459200000000000e+02	246	1.539999999999992e+00	2.000000000000000e+00
2.20861140169072e-06  	2.474500000000000e+02	247	1.530000000000001e+00	1.000000000000000e+00
2.24500566614859e-06  	2.489700000000000e+02	249	1.520000000000010e+00	2.000000000000000e+00
2.28081335638077e-06  	2.504400000000000e+02	250	1.469999999999999e+00	1.000000000000000e+00
2.31604017204177e-06  	2.519100000000000e+02	252	1.469999999999999e+00	2.000000000000000e+00
2.35069216204814e-06  	2.533500000000000e+02	253	1.439999999999998e+00	1.000000000000000e+00
2.38477569008931e-06  	2.547800000000000e+02	254	1.430000000000007e+00	1.000000000000000e+00
2.4182974017342e-06   	2.562300000000000e+02	256	1.450000000000017e+00	2.000000000000000e+00
2.45127533434598e-06  	2.576700000000000e+02	257	1.439999999999998e+00	1.000000000000000e+00
2.48372667322345e-06  	2.590800000000000e+02	259	1.409999999999968e+00	2.000000000000000e+00
2.51566780434915e-06  	2.605000000000000e+02	260	1.420000000000016e+00	1.000000000000000e+00
2.54711436312194e-06  	2.619300000000000e+02	262	1.430000000000007e+00	2.000000000000000e+00
2.5780812794349e-06   	2.633300000000000e+02	263	1.399999999999977e+00	1.000000000000000e+00
2.60858281942255e-06  	2.647000000000000e+02	264	1.370000000000005e+00	1.000000000000000e+00
2.63863262416818e-06  	2.660900000000000e+02	266	1.389999999999986e+00	2.000000000000000e+00
2.66825275418821e-06  	2.675000000000000e+02	267	1.410000000000025e+00	1.000000000000000e+00
2.69746396284542e-06  	2.688500000000000e+02	268	1.350000000000023e+00	1.000000000000000e+00
2.72418074923673e-06  	2.701900000000000e+02	270	1.339999999999975e+00	2.000000000000000e+00
2.74892027600447e-06  	2.714800000000000e+02	271	1.290000000000020e+00	1.000000000000000e+00
2.77208080939909e-06  	2.727600000000000e+02	272	1.279999999999973e+00	1.000000000000000e+00
2.79395435702352e-06  	2.739700000000000e+02	274	1.210000000000036e+00	2.000000000000000e+00
2.81480060314039e-06  	2.751900000000000e+02	275	1.219999999999970e+00	1.000000000000000e+00
2.83471968479582e-06  	2.763800000000000e+02	276	1.189999999999998e+00	1.000000000000000e+00
2.85385424177007e-06  	2.775900000000000e+02	277	1.209999999999980e+00	1.000000000000000e+00
2.87230204764896e-06  	2.787700000000000e+02	278	1.180000000000007e+00	1.000000000000000e+00
2.89015968654441e-06  	2.799500000000000e+02	280	1.180000000000007e+00	2.000000000000000e+00
2.90751622636808e-06  	2.811100000000000e+02	281	1.160000000000025e+00	1.000000000000000e+00
2.9244312932276e-06   	2.823000000000000e+02	282	1.189999999999998e+00	1.000000000000000e+00
2.94096323612725e-06  	2.834900000000000e+02	283	1.189999999999998e+00	1.000000000000000e+00
2.95716133972603e-06  	2.846200000000000e+02	284	1.129999999999995e+00	1.000000000000000e+00
2.97307782958338e-06  	2.857300000000000e+02	285	1.110000000000014e+00	1.000000000000000e+00
2.98872733315925e-06  	2.868600000000000e+02	286	1.129999999999995e+00	1.000000000000000e+00
3.00396151542478e-06  	2.879900000000000e+02	288	1.129999999999995e+00	2.000000000000000e+00
3.01882680867912e-06  	2.891200000000000e+02	289	1.129999999999995e+00	1.000000000000000e+00
3.033360177957e-06    	2.902400000000000e+02	290	1.120000000000005e+00	1.000000000000000e+00
3.04759694786187e-06  	2.913600000000000e+02	291	1.120000000000005e+00	1.000000000000000e+00
3.06155697709904e-06  	2.924500000000000e+02	292	1.089999999999975e+00	1.000000000000000e+00
3.07527015336483e-06  	2.935300000000000e+02	293	1.079999999999984e+00	1.000000000000000e+00
3.08876190306509e-06  	2.946000000000000e+02	294	1.070000000000050e+00	1.000000000000000e+00
3.10205197960059e-06  	2.956900000000000e+02	295	1.089999999999975e+00	1.000000000000000e+00
3.11515692253005e-06  	2.967600000000000e+02	296	1.069999999999993e+00	1.000000000000000e+00
3.12809042180618e-06  	2.978200000000000e+02	297	1.060000000000002e+00	1.000000000000000e+00
3.14086698598162e-06  	2.988600000000000e+02	298	1.040000000000020e+00	1.000000000000000e+00
3.15350518183418e-06  	2.999300000000000e+02	300	1.069999999999993e+00	2.000000000000000e+00
3.16601764886495e-06  	3.010100000000000e+02	301	1.079999999999984e+00	1.000000000000000e+00
3.17842113065708e-06  	3.020800000000000e+02	302	1.069999999999993e+00	1.000000000000000e+00
3.19072843698342e-06  	3.031100000000000e+02	303	1.030000000000030e+00	1.000000000000000e+00
3.20295182985754e-06  	3.041700000000000e+02	304	1.060000000000002e+00	1.000000000000000e+00
3.21510157859234e-06  	3.052100000000000e+02	305	1.039999999999964e+00	1.000000000000000e+00
3.22716801649552e-06  	3.062500000000000e+02	306	1.040000000000020e+00	1.000000000000000e+00
3.2391270911351e-06   	3.072800000000000e+02	307	1.029999999999973e+00	1.000000000000000e+00
3.25098504124648e-06  	3.083100000000000e+02	308	1.030000000000030e+00	1.000000000000000e+00
3.26274640946418e-06  	3.093500000000000e+02	309	1.040000000000020e+00	1.000000000000000e+00
3.27441696726253e-06  	3.103600000000000e+02	310	1.009999999999991e+00	1.000000000000000e+00
3.28600364467421e-06  	3.114000000000000e+02	311	1.039999999999964e+00	1.000000000000000e+00
3.29751447499501e-06  	3.124200000000000e+02	312	1.020000000000039e+00	1.000000000000000e+00
3.30894638012859e-06  	3.134500000000000e+02	313	1.029999999999973e+00	1.000000000000000e+00
3.32030976638078e-06  	3.144700000000000e+02	314	1.020000000000039e+00	1.000000000000000e+00
3.33161336631456e-06  	3.154800000000000e+02	315	1.009999999999991e+00	1.000000000000000e+00
3.34286565203609e-06  	3.164900000000000e+02	316	1.009999999999991e+00	1.000000000000000e+00
3.35407227630832e-06  	3.175100000000000e+02	317	1.019999999999982e+00	1.000000000000000e+00
3.36524134226506e-06  	3.185200000000000e+02	318	1.009999999999991e+00	1.000000000000000e+00
3.37638207994753e-06  	3.195200000000000e+02	319	1.000000000000000e+00	1.000000000000000e+00
3.3874729451817e-06   	3.205400000000000e+02	320	1.020000000000039e+00	1.000000000000000e+00
3.39849422365019e-06  	3.215500000000000e+02	321	1.009999999999991e+00	1.000000000000000e+00
3.40945050195079e-06  	3.225600000000000e+02	322	1.009999999999991e+00	1.000000000000000e+00
3.42034867971205e-06  	3.235700000000000e+02	323	1.009999999999991e+00	1.000000000000000e+00
3.43119423292039e-06  	3.245700000000000e+02	324	1.000000000000000e+00	1.000000000000000e+00
3.44199369677267e-06  	3.255700000000000e+02	325	1.000000000000000e+00	1.000000000000000e+00
3.4527438644751e-06   	3.265900000000000e+02	326	1.019999999999982e+00	1.000000000000000e+00
3.46345230016005e-06  	3.276100000000000e+02	327	1.020000000000039e+00	1.000000000000000e+00
3.47412639875579e-06  	3.286200000000000e+02	328	1.009999999999991e+00	1.000000000000000e+00
3.48477341768379e-06  	3.296200000000000e+02	329	1.000000000000000e+00	1.000000000000000e+00
3.49540050715552e-06  	3.306300000000000e+02	330	1.009999999999991e+00	1.000000000000000e+00
3.50598215183676e-06  	3.316300000000000e+02	331	1.000000000000000e+00	1.000000000000000e+00
3.51650150404957e-06  	3.326100000000000e+02	332	9.800000000000182e-01	1.000000000000000e+00
3.52696495687421e-06  	3.335900000000000e+02	333	9.799999999999613e-01	1.000000000000000e+00
3.53737646508089e-06  	3.345700000000000e+02	334	9.800000000000182e-01	1.000000000000000e+00
3.54774544535982e-06  	3.355900000000000e+02	335	1.019999999999982e+00	1.000000000000000e+00
3.55808109201163e-06  	3.365700000000000e+02	336	9.800000000000182e-01	1.000000000000000e+00
3.5683825146679e-06   	3.375600000000000e+02	337	9.900000000000091e-01	1.000000000000000e+00
3.57865540456726e-06  	3.385500000000000e+02	338	9.900000000000091e-01	1.000000000000000e+00
3.58890972176342e-06  	3.395300000000000e+02	339	9.799999999999613e-01	1.000000000000000e+00
3.59913467565866e-06  	3.405300000000000e+02	340	1.000000000000000e+00	1.000000000000000e+00
3.60929818280935e-06  	3.415100000000000e+02	341	9.800000000000182e-01	1.000000000000000e+00
3.61940414861111e-06  	3.425000000000000e+02	342	9.900000000000091e-01	1.000000000000000e+00
3.6294605546891e-06   	3.434800000000000e+02	343	9.800000000000182e-01	1.000000000000000e+00
3.63947724104658e-06  	3.444600000000000e+02	344	9.799999999999613e-01	1.000000000000000e+00
3.64946382232536e-06  	3.454500000000000e+02	345	9.900000000000091e-01	1.000000000000000e+00
3.6594235635056e-06   	3.464400000000000e+02	346	9.900000000000091e-01	1.000000000000000e+00
3.6693658314557e-06   	3.474500000000000e+02	347	1.009999999999991e+00	1.000000000000000e+00
3.67929375417739e-06  	3.484500000000000e+02	348	1.000000000000000e+00	1.000000000000000e+00
3.68916267899766e-06  	3.494700000000000e+02	349	1.020000000000039e+00	1.000000000000000e+00
3.69897629600612e-06  	3.504700000000000e+02	350	1.000000000000000e+00	1.000000000000000e+00
3.70874313410997e-06  	3.514700000000000e+02	351	1.000000000000000e+00	1.000000000000000e+00
3.71847345513522e-06  	3.524600000000000e+02	352	9.899999999999523e-01	1.000000000000000e+00
3.728176319848e-06    	3.534600000000000e+02	353	1.000000000000000e+00	1.000000000000000e+00
3.7378557712536e-06   	3.544600000000000e+02	354	1.000000000000000e+00	1.000000000000000e+00
3.74752064517215e-06  	3.554500000000000e+02	355	9.900000000000091e-01	1.000000000000000e+00
3.757164215892e-06    	3.564400000000000e+02	356	9.900000000000091e-01	1.000000000000000e+00
3.76675111058113e-06  	3.574500000000000e+02	357	1.009999999999991e+00	1.000000000000000e+00
3.77628954341782e-06  	3.584500000000000e+02	358	1.000000000000000e+00	1.000000000000000e+00
3.78578655392479e-06  	3.594500000000000e+02	359	1.000000000000000e+00	1.000000000000000e+00
3.79525179873011e-06  	3.604600000000000e+02	360	1.009999999999991e+00	1.000000000000000e+00
3.80469567309953e-06  	3.614500000000000e+02	361	9.900000000000091e-01	1.000000000000000e+00
3.81412104095441e-06  	3.624600000000000e+02	362	1.009999999999991e+00	1.000000000000000e+00
3.82353718182166e-06  	3.634500000000000e+02	363	9.900000000000091e-01	1.000000000000000e+00
3.83290836596063e-06  	3.644500000000000e+02	364	1.000000000000000e+00	1.000000000000000e+00
3.84222868885596e-06  	3.654600000000000e+02	365	1.009999999999991e+00	1.000000000000000e+00
3.85150674475244e-06  	3.664500000000000e+02	366	9.900000000000091e-01	1.000000000000000e+00
3.86075090331943e-06  	3.674600000000000e+02	367	1.009999999999991e+00	1.000000000000000e+00
3.86997289364046e-06  	3.684500000000000e+02	368	9.900000000000091e-01	1.000000000000000e+00
3.87917370021648e-06  	3.694600000000000e+02	369	1.009999999999991e+00	1.000000000000000e+00
3.88836307175566e-06  	3.704500000000000e+02	370	9.900000000000091e-01	1.000000000000000e+00
3.89752441356562e-06  	3.714400000000000e+02	371	9.900000000000091e-01	1.000000000000000e+00
3.90663538015515e-06  	3.724400000000000e+02	372	1.000000000000000e+00	1.000000000000000e+00
3.91570592618308e-06  	3.734300000000000e+02	373	9.900000000000091e-01	1.000000000000000e+00
3.92474404997894e-06  	3.744300000000000e+02	374	1.000000000000000e+00	1.000000000000000e+00
3.93376096747777e-06  	3.754300000000000e+02	375	1.000000000000000e+00	1.000000000000000e+00
3.94275761844542e-06  	3.764300000000000e+02	376	1.000000000000000e+00	1.000000000000000e+00
3.95174416932778e-06  	3.774200000000000e+02	377	9.900000000000091e-01	1.000000000000000e+00
3.96070556658759e-06  	3.784200000000000e+02	378	1.000000000000000e+00	1.000000000000000e+00
3.96961955344794e-06  	3.794200000000000e+02	379	1.000000000000000e+00	1.000000000000000e+00
3.97849564000368e-06  	3.804100000000000e+02	380	9.900000000000091e-01	1.000000000000000e+00
3.98734310193679e-06  	3.814000000000000e+02	381	9.899999999999523e-01	1.000000000000000e+00
3.99617185199638e-06  	3.824100000000000e+02	382	1.010000000000048e+00	1.000000000000000e+00
4.00498520260209e-06  	3.834300000000000e+02	383	1.019999999999982e+00	1.000000000000000e+00
4.01379208469359e-06  	3.844900000000000e+02	384	1.060000000000002e+00	1.000000000000000e+00
4.02256355576325e-06  	3.855000000000000e+02	385	1.009999999999991e+00	1.000000000000000e+00
4.03129274507151e-06  	3.864800000000000e+02	386	9.800000000000182e-01	1.000000000000000e+00
4.03998950150603e-06  	3.874600000000000e+02	387	9.799999999999613e-01	1.000000000000000e+00
4.04866189287507e-06  	3.884400000000000e+02	388	9.800000000000182e-01	1.000000000000000e+00
4.05732097942928e-06  	3.894300000000000e+02	389	9.900000000000091e-01	1.000000000000000e+00
4.06596835924186e-06  	3.904400000000000e+02	390	1.009999999999991e+00	1.000000000000000e+00
4.07460484030422e-06  	3.914700000000000e+02	391	1.030000000000030e+00	1.000000000000000e+00
4.0831956870855e-06   	3.924900000000000e+02	392	1.019999999999982e+00	1.000000000000000e+00
4.09174975863753e-06  	3.935300000000000e+02	393	1.039999999999964e+00	1.000000000000000e+00
4.10027569429771e-06  	3.945400000000000e+02	394	1.010000000000048e+00	1.000000000000000e+00
4.10878347679466e-06  	3.955100000000000e+02	395	9.699999999999704e-01	1.000000000000000e+00
4.11727919899925e-06  	3.965100000000000e+02	396	1.000000000000000e+00	1.000000000000000e+00
4.12577115903831e-06  	3.975000000000000e+02	397	9.900000000000091e-01	1.000000000000000e+00
4.13422865981821e-06  	3.984900000000000e+02	398	9.900000000000091e-01	1.000000000000000e+00
4.14264827788779e-06  	3.994900000000000e+02	399	1.000000000000000e+00	1.000000000000000e+00
4.15103915251332e-06  	4.004700000000000e+02	400	9.800000000000182e-01	1.000000000000000e+00
4.15941024079695e-06  	4.014700000000000e+02	401	1.000000000000000e+00	1.000000000000000e+00
4.16776600276375e-06  	4.024500000000000e+02	402	9.799999999999613e-01	1.000000000000000e+00
4.1760732352531e-06   	4.034300000000000e+02	403	9.800000000000182e-01	1.000000000000000e+00
4.18433178276364e-06  	4.044000000000000e+02	404	9.699999999999704e-01	1.000000000000000e+00
4.19254361582991e-06  	4.053800000000000e+02	405	9.800000000000182e-01	1.000000000000000e+00
4.20070716869155e-06  	4.063600000000000e+02	406	9.800000000000182e-01	1.000000000000000e+00
4.20882575282979e-06  	4.073300000000000e+02	407	9.699999999999704e-01	1.000000000000000e+00
4.21689849631936e-06  	4.083000000000000e+02	408	9.700000000000273e-01	1.000000000000000e+00
4.22492389233978e-06  	4.092700000000000e+02	409	9.699999999999704e-01	1.000000000000000e+00
4.23289054315558e-06  	4.102600000000000e+02	410	9.900000000000091e-01	1.000000000000000e+00
4.24079929775603e-06  	4.112300000000000e+02	411	9.700000000000273e-01	1.000000000000000e+00
4.24865034315263e-06  	4.121900000000000e+02	412	9.599999999999795e-01	1.000000000000000e+00
4.25644577990723e-06  	4.131600000000000e+02	413	9.700000000000273e-01	1.000000000000000e+00
4.2641857600382e-06   	4.141300000000000e+02	414	9.699999999999704e-01	1.000000000000000e+00
4.27187106261828e-06  	4.151000000000000e+02	415	9.700000000000273e-01	1.000000000000000e+00
4.27950305886617e-06  	4.160600000000000e+02	416	9.599999999999795e-01	1.000000000000000e+00
4.28708247900563e-06  	4.170300000000000e+02	417	9.699999999999704e-01	1.000000000000000e+00
4.2946106304545e-06   	4.180900000000000e+02	418	1.060000000000002e+00	1.000000000000000e+00
4.30208819818398e-06  	4.191100000000000e+02	419	1.020000000000039e+00	1.000000000000000e+00
4.30951585355512e-06  	4.200700000000000e+02	420	9.599999999999795e-01	1.000000000000000e+00
4.31689425467675e-06  	4.210500000000000e+02	421	9.800000000000182e-01	1.000000000000000e+00
4.32422460829242e-06  	4.220000000000000e+02	422	9.499999999999886e-01	1.000000000000000e+00
4.33150808693064e-06  	4.229600000000000e+02	423	9.599999999999795e-01	1.000000000000000e+00
4.33874418797543e-06  	4.239400000000000e+02	424	9.800000000000182e-01	1.000000000000000e+00
4.34593460107014e-06  	4.248900000000000e+02	425	9.499999999999886e-01	1.000000000000000e+00
4.35307989616231e-06  	4.258600000000000e+02	425	9.700000000000273e-01	0.000000000000000e+00
4.36018063262139e-06  	4.268200000000000e+02	426	9.599999999999795e-01	1.000000000000000e+00
4.36723788021344e-06  	4.277900000000000e+02	427	9.700000000000273e-01	1.000000000000000e+00
4.37425165081261e-06  	4.287600000000000e+02	428	9.699999999999704e-01	1.000000000000000e+00
4.38122247369854e-06  	4.297200000000000e+02	429	9.600000000000364e-01	1.000000000000000e+00
4.38815137062074e-06  	4.306900000000000e+02	430	9.699999999999704e-01	1.000000000000000e+00
4.39503933608644e-06  	4.316800000000000e+02	431	9.900000000000091e-01	1.000000000000000e+00
4.40188635754772e-06  	4.326500000000000e+02	432	9.699999999999704e-01	1.000000000000000e+00
4.40869340067237e-06  	4.336100000000000e+02	433	9.600000000000364e-01	1.000000000000000e+00
4.41546140595411e-06  	4.345700000000000e+02	434	9.599999999999795e-01	1.000000000000000e+00
4.42219081588047e-06  	4.355300000000000e+02	435	9.599999999999795e-01	1.000000000000000e+00
4.42888253394979e-06  	4.365000000000000e+02	436	9.700000000000273e-01	1.000000000000000e+00
4.43553651413959e-06  	4.374600000000000e+02	437	9.599999999999795e-01	1.000000000000000e+00
4.44215409349599e-06  	4.384300000000000e+02	438	9.700000000000273e-01	1.000000000000000e+00
4.4487356656364e-06   	4.394100000000000e+02	439	9.800000000000182e-01	1.000000000000000e+00
4.45528161784126e-06  	4.403700000000000e+02	440	9.599999999999795e-01	1.000000000000000e+00
4.4617927748797e-06   	4.413300000000000e+02	441	9.599999999999795e-01	1.000000000000000e+00
4.46826950237107e-06  	4.422900000000000e+02	442	9.600000000000364e-01	1.000000000000000e+00
4.47471259473619e-06  	4.432500000000000e+02	443	9.599999999999795e-01	1.000000000000000e+00
4.48112239728636e-06  	4.442100000000000e+02	444	9.599999999999795e-01	1.000000000000000e+00
4.48749925005375e-06  	4.451800000000000e+02	445	9.700000000000273e-01	1.000000000000000e+00
4.49384348789832e-06  	4.461400000000000e+02	446	9.599999999999795e-01	1.000000000000000e+00
4.50015627502979e-06  	4.470900000000000e+02	447	9.499999999999886e-01	1.000000000000000e+00
4.5064379196871e-06   	4.480700000000000e+02	448	9.800000000000182e-01	1.000000000000000e+00
4.51268831647204e-06  	4.490300000000000e+02	449	9.599999999999795e-01	1.000000000000000e+00
4.51890817783756e-06  	4.500100000000000e+02	450	9.800000000000182e-01	1.000000000000000e+00
4.52509779872581e-06  	4.509900000000000e+02	451	9.800000000000182e-01	1.000000000000000e+00
4.53125746983557e-06  	4.519500000000000e+02	452	9.599999999999795e-01	1.000000000000000e+00
4.53738747770318e-06  	4.529100000000000e+02	453	9.600000000000364e-01	1.000000000000000e+00
4.54348849467272e-06  	4.538700000000000e+02	454	9.599999999999795e-01	1.000000000000000e+00
4.54956040558839e-06  	4.548300000000000e+02	454	9.599999999999795e-01	0.000000000000000e+00
4.55560386763692e-06  	4.557700000000000e+02	455	9.399999999999977e-01	1.000000000000000e+00
4.56161876530092e-06  	4.567100000000000e+02	456	9.399999999999977e-01	1.000000000000000e+00
4.56760574110135e-06  	4.577100000000000e+02	457	1.000000000000000e+00	1.000000000000000e+00
4.57356542350058e-06  	4.586900000000000e+02	458	9.800000000000182e-01	1.000000000000000e+00
4.57949842739119e-06  	4.596300000000000e+02	459	9.399999999999977e-01	1.000000000000000e+00
4.58540462332908e-06  	4.605700000000000e+02	460	9.399999999999977e-01	1.000000000000000e+00
4.59128461318406e-06  	4.615200000000000e+02	461	9.499999999999886e-01	1.000000000000000e+00
4.59713790860656e-06  	4.624900000000000e+02	462	9.700000000000273e-01	1.000000000000000e+00
4.60296510516724e-06  	4.634300000000000e+02	463	9.399999999999977e-01	1.000000000000000e+00
4.60876572750062e-06  	4.643800000000000e+02	464	9.499999999999886e-01	1.000000000000000e+00
4.61454036484383e-06  	4.653100000000000e+02	465	9.300000000000068e-01	1.000000000000000e+00
4.62028924741586e-06  	4.662800000000000e+02	466	9.699999999999704e-01	1.000000000000000e+00
4.62601260239652e-06  	4.672400000000000e+02	467	9.600000000000364e-01	1.000000000000000e+00
4.6317106539796e-06   	4.682000000000000e+02	468	9.599999999999795e-01	1.000000000000000e+00
4.63738362342496e-06  	4.691700000000000e+02	469	9.700000000000273e-01	1.000000000000000e+00
4.64303206365339e-06  	4.701100000000000e+02	470	9.399999999999977e-01	1.000000000000000e+00
4.64865618443996e-06  	4.710600000000000e+02	471	9.499999999999886e-01	1.000000000000000e+00
4.65425652179551e-06  	4.720100000000000e+02	472	9.499999999999886e-01	1.000000000000000e+00
4.65983327464562e-06  	4.729600000000000e+02	473	9.499999999999886e-01	1.000000000000000e+00
4.66538663943623e-06  	4.739000000000000e+02	474	9.399999999999977e-01	1.000000000000000e+00
4.6709174518375e-06   	4.748300000000000e+02	474	9.300000000000068e-01	0.000000000000000e+00
4.67642589298786e-06  	4.757900000000000e+02	475	9.600000000000364e-01	1.000000000000000e+00
4.68191214185733e-06  	4.767400000000000e+02	476	9.499999999999886e-01	1.000000000000000e+00
4.68737668854414e-06  	4.776900000000000e+02	477	9.499999999999886e-01	1.000000000000000e+00
4.69281970283867e-06  	4.786400000000000e+02	478	9.499999999999886e-01	1.000000000000000e+00
4.69824135255123e-06  	4.795900000000000e+02	479	9.499999999999886e-01	1.000000000000000e+00
4.70364210958668e-06  	4.805300000000000e+02	480	9.399999999999977e-01	1.000000000000000e+00
4.70902243692918e-06  	4.814600000000000e+02	481	9.300000000000068e-01	1.000000000000000e+00
4.71438248741647e-06  	4.824100000000000e+02	482	9.500000000000455e-01	1.000000000000000e+00
4.71972241218181e-06  	4.833500000000000e+02	483	9.399999999999977e-01	1.000000000000000e+00
4.72504265773364e-06  	4.843000000000000e+02	484	9.499999999999886e-01	1.000000000000000e+00
4.73034366242636e-06  	4.852500000000000e+02	485	9.499999999999886e-01	1.000000000000000e+00
4.73562556386993e-06  	4.861800000000000e+02	486	9.300000000000068e-01	1.000000000000000e+00
4.74088849820704e-06  	4.871200000000000e+02	487	9.399999999999977e-01	1.000000000000000e+00
4.74613288884246e-06  	4.880500000000000e+02	488	9.300000000000068e-01	1.000000000000000e+00
4.75135886498287e-06  	4.890000000000000e+02	489	9.499999999999886e-01	1.000000000000000e+00
4.75656683923707e-06  	4.899300000000000e+02	490	9.300000000000068e-01	1.000000000000000e+00
4.76175693422703e-06  	4.908600000000000e+02	491	9.300000000000068e-01	1.000000000000000e+00
4.76692927132939e-06  	4.918200000000000e+02	491	9.599999999999795e-01	0.000000000000000e+00
4.77208397069224e-06  	4.927600000000000e+02	492	9.399999999999977e-01	1.000000000000000e+00
4.77722115125162e-06  	4.937100000000000e+02	493	9.499999999999886e-01	1.000000000000000e+00
4.78234093074776e-06  	4.946500000000000e+02	494	9.399999999999977e-01	1.000000000000000e+00
4.78744342574103e-06  	4.956000000000000e+02	495	9.500000000000455e-01	1.000000000000000e+00
4.7925287516276e-06   	4.965200000000000e+02	496	9.199999999999591e-01	1.000000000000000e+00
4.79759702265493e-06  	4.974600000000000e+02	497	9.399999999999977e-01	1.000000000000000e+00
4.8026483519369e-06   	4.984000000000000e+02	498	9.399999999999977e-01	1.000000000000000e+00
4.80768285146876e-06  	4.993400000000000e+02	499	9.399999999999977e-01	1.000000000000000e+00
4.81270063214182e-06  	5.002700000000000e+02	500	9.300000000000068e-01	1.000000000000000e+00
4.81770180375785e-06  	5.012200000000000e+02	501	9.500000000000455e-01	1.000000000000000e+00
4.82268569202867e-06  	5.021600000000000e+02	502	9.399999999999977e-01	1.000000000000000e+00
4.82765241510481e-06  	5.031100000000000e+02	503	9.499999999999886e-01	1.000000000000000e+00
4.83260234736595e-06  	5.040600000000000e+02	504	9.499999999999886e-01	1.000000000000000e+00
4.83753560109321e-06  	5.050000000000000e+02	505	9.399999999999977e-01	1.000000000000000e+00
4.8424522874481e-06   	5.059800000000000e+02	506	9.800000000000182e-01	1.000000000000000e+00
4.84735251648732e-06  	5.069600000000000e+02	507	9.799999999999613e-01	1.000000000000000e+00
4.85223664786415e-06  	5.079000000000000e+02	508	9.399999999999977e-01	1.000000000000000e+00
4.85710478617841e-06  	5.088300000000000e+02	508	9.300000000000068e-01	0.000000000000000e+00
4.86195703501632e-06  	5.097600000000000e+02	509	9.300000000000068e-01	1.000000000000000e+00
4.86679374284372e-06  	5.106800000000000e+02	510	9.200000000000159e-01	1.000000000000000e+00
4.87161500811116e-06  	5.116200000000000e+02	511	9.399999999999977e-01	1.000000000000000e+00
4.87642117114819e-06  	5.125400000000000e+02	512	9.199999999999591e-01	1.000000000000000e+00
4.88121232551652e-06  	5.134800000000000e+02	513	9.400000000000546e-01	1.000000000000000e+00
4.88598856391344e-06  	5.144100000000000e+02	514	9.299999999999500e-01	1.000000000000000e+00
4.89075021655104e-06  	5.153500000000000e+02	515	9.400000000000546e-01	1.000000000000000e+00
4.89549737151902e-06  	5.162800000000000e+02	516	9.299999999999500e-01	1.000000000000000e+00
4.90023011611361e-06  	5.172200000000000e+02	517	9.400000000000546e-01	1.000000000000000e+00
4.90494877096545e-06  	5.181700000000000e+02	518	9.499999999999318e-01	1.000000000000000e+00
4.90965341902507e-06  	5.191200000000000e+02	519	9.500000000000455e-01	1.000000000000000e+00
4.91434437391535e-06  	5.200500000000000e+02	520	9.299999999999500e-01	1.000000000000000e+00
4.91902171444494e-06  	5.209900000000000e+02	521	9.400000000000546e-01	1.000000000000000e+00
4.923685518746e-06    	5.219100000000000e+02	522	9.199999999999591e-01	1.000000000000000e+00
4.92833586428189e-06  	5.228600000000000e+02	522	9.500000000000455e-01	0.000000000000000e+00
4.93297305402609e-06  	5.237700000000000e+02	523	9.099999999999682e-01	1.000000000000000e+00
4.93759693665965e-06  	5.247100000000000e+02	524	9.400000000000546e-01	1.000000000000000e+00
4.94220781132926e-06  	5.256500000000000e+02	525	9.399999999999409e-01	1.000000000000000e+00
4.94680575039227e-06  	5.266100000000000e+02	526	9.600000000000364e-01	1.000000000000000e+00
4.9513908256057e-06   	5.275800000000000e+02	527	9.700000000000273e-01	1.000000000000000e+00
4.95596288819526e-06  	5.285300000000000e+02	528	9.499999999999318e-01	1.000000000000000e+00
4.96052222989687e-06  	5.294700000000000e+02	529	9.400000000000546e-01	1.000000000000000e+00
4.96506892069581e-06  	5.304200000000000e+02	530	9.499999999999318e-01	1.000000000000000e+00
4.96960303000303e-06  	5.313700000000000e+02	531	9.500000000000455e-01	1.000000000000000e+00
4.97412462666145e-06  	5.323500000000000e+02	532	9.800000000000182e-01	1.000000000000000e+00
4.9786337789521e-06   	5.333099999999999e+02	533	9.599999999999227e-01	1.000000000000000e+00
4.98313055460025e-06  	5.342500000000000e+02	534	9.400000000000546e-01	1.000000000000000e+00
4.98761502078137e-06  	5.352000000000000e+02	535	9.500000000000455e-01	1.000000000000000e+00
4.99174334718758e-06  	5.361300000000000e+02	536	9.299999999999500e-01	1.000000000000000e+00
4.99587167359379e-06  	5.370599999999999e+02	537	9.299999999999500e-01	1.000000000000000e+00
5e-06                 	5.379800000000000e+02	538	9.200000000000728e-01	1.000000000000000e+00
5.00443904490444e-06  	5.438000000000000e+02	543	5.819999999999936e+00	5.000000000000000e+00
5.00886650393479e-06  	5.447300000000000e+02	544	9.300000000000637e-01	1.000000000000000e+00
5.01328243687589e-06  	5.456200000000000e+02	545	8.899999999999864e-01	1.000000000000000e+00
5.01768690305243e-06  	5.465300000000000e+02	546	9.099999999999682e-01	1.000000000000000e+00
5.02208016452777e-06  	5.474800000000000e+02	547	9.500000000000455e-01	1.000000000000000e+00
5.02646227765112e-06  	5.484100000000000e+02	548	9.299999999999500e-01	1.000000000000000e+00
5.03083329834895e-06  	5.493500000000000e+02	549	9.400000000000546e-01	1.000000000000000e+00
5.03519368249503e-06  	5.502700000000000e+02	550	9.199999999999591e-01	1.000000000000000e+00
5.03954328201491e-06  	5.511600000000000e+02	551	8.899999999999864e-01	1.000000000000000e+00
5.0438823478919e-06   	5.520700000000001e+02	552	9.100000000000819e-01	1.000000000000000e+00
5.04821112787239e-06  	5.529700000000000e+02	553	8.999999999999773e-01	1.000000000000000e+00
5.05252947373705e-06  	5.539400000000001e+02	554	9.700000000000273e-01	1.000000000000000e+00
5.05683782615225e-06  	5.549000000000000e+02	555	9.599999999999227e-01	1.000000000000000e+00
5.06113623081424e-06  	5.557900000000000e+02	555	8.899999999999864e-01	0.000000000000000e+00
5.06542473310754e-06  	5.567000000000000e+02	556	9.100000000000819e-01	1.000000000000000e+00
5.06970357095254e-06  	5.576000000000000e+02	557	8.999999999999773e-01	1.000000000000000e+00
5.07397259539059e-06  	5.585100000000000e+02	558	9.099999999999682e-01	1.000000000000000e+00
5.078232042012e-06    	5.594100000000000e+02	559	8.999999999999773e-01	1.000000000000000e+00
5.08248157274388e-06  	5.603200000000001e+02	560	9.100000000000819e-01	1.000000000000000e+00
5.0867216119839e-06   	5.612300000000000e+02	561	9.099999999999682e-01	1.000000000000000e+00
5.09095201305308e-06  	5.621300000000000e+02	562	8.999999999999773e-01	1.000000000000000e+00
5.09517300695955e-06  	5.630599999999999e+02	563	9.299999999999500e-01	1.000000000000000e+00
5.09938463503237e-06  	5.639900000000000e+02	564	9.300000000000637e-01	1.000000000000000e+00
5.10358693832976e-06  	5.649200000000000e+02	565	9.299999999999500e-01	1.000000000000000e+00
5.10778014291912e-06  	5.658300000000000e+02	565	9.100000000000819e-01	0.000000000000000e+00
5.11196410323027e-06  	5.667200000000000e+02	566	8.899999999999864e-01	1.000000000000000e+00
5.11613904321165e-06  	5.676300000000000e+02	567	9.099999999999682e-01	1.000000000000000e+00
5.12030463549178e-06  	5.685200000000000e+02	568	8.899999999999864e-01	1.000000000000000e+00
5.12446128559975e-06  	5.694200000000000e+02	569	8.999999999999773e-01	1.000000000000000e+00
5.12860903145594e-06  	5.703500000000000e+02	570	9.300000000000637e-01	1.000000000000000e+00
5.1327477301851e-06   	5.712600000000000e+02	571	9.099999999999682e-01	1.000000000000000e+00
5.13687778034922e-06  	5.721500000000000e+02	572	8.899999999999864e-01	1.000000000000000e+00
5.14099885955421e-06  	5.730599999999999e+02	573	9.099999999999682e-01	1.000000000000000e+00
5.14511136285519e-06  	5.739500000000000e+02	574	8.900000000001000e-01	1.000000000000000e+00
5.1492153255012e-06   	5.748700000000000e+02	575	9.199999999999591e-01	1.000000000000000e+00
5.15331078252514e-06  	5.757800000000000e+02	575	9.099999999999682e-01	0.000000000000000e+00
5.15739794486322e-06  	5.767200000000000e+02	576	9.400000000000546e-01	1.000000000000000e+00
5.16147684569132e-06  	5.776700000000000e+02	577	9.499999999999318e-01	1.000000000000000e+00
5.16554751798742e-06  	5.785599999999999e+02	578	8.899999999999864e-01	1.000000000000000e+00
5.16961016856712e-06  	5.794900000000000e+02	579	9.300000000000637e-01	1.000000000000000e+00
5.17366465528444e-06  	5.803900000000000e+02	580	8.999999999999773e-01	1.000000000000000e+00
5.17771135589233e-06  	5.813099999999999e+02	581	9.199999999999591e-01	1.000000000000000e+00
5.18175012787649e-06  	5.822100000000000e+02	582	9.000000000000909e-01	1.000000000000000e+00
5.18578117327536e-06  	5.830900000000000e+02	583	8.799999999999955e-01	1.000000000000000e+00
5.18980452126936e-06  	5.839900000000000e+02	584	8.999999999999773e-01	1.000000000000000e+00
5.19382020087456e-06  	5.848900000000000e+02	585	8.999999999999773e-01	1.000000000000000e+00
5.19782824094386e-06  	5.857900000000000e+02	585	8.999999999999773e-01	0.000000000000000e+00
5.20182883898407e-06  	5.867000000000000e+02	586	9.100000000000819e-01	1.000000000000000e+00
5.20582185407025e-06  	5.876100000000000e+02	587	9.099999999999682e-01	1.000000000000000e+00
5.20980748214568e-06  	5.885100000000000e+02	588	8.999999999999773e-01	1.000000000000000e+00
5.21378575018269e-06  	5.894200000000000e+02	589	9.099999999999682e-01	1.000000000000000e+00
5.21775668500673e-06  	5.903400000000000e+02	590	9.200000000000728e-01	1.000000000000000e+00
5.22172031329741e-06  	5.912600000000000e+02	591	9.199999999999591e-01	1.000000000000000e+00
5.22567666158956e-06  	5.921799999999999e+02	592	9.199999999999591e-01	1.000000000000000e+00
5.22962592083359e-06  	5.930900000000000e+02	593	9.100000000000819e-01	1.000000000000000e+00
5.23356811609479e-06  	5.939900000000000e+02	594	8.999999999999773e-01	1.000000000000000e+00
5.23750310890648e-06  	5.949000000000000e+02	595	9.099999999999682e-01	1.000000000000000e+00
5.24143108805223e-06  	5.957900000000000e+02	595	8.899999999999864e-01	0.000000000000000e+00
5.24535207820044e-06  	5.966700000000000e+02	596	8.799999999999955e-01	1.000000000000000e+00
5.24926626557329e-06  	5.975500000000000e+02	597	8.799999999999955e-01	1.000000000000000e+00
5.25317351232522e-06  	5.984500000000000e+02	598	9.000000000000909e-01	1.000000000000000e+00
5.25707384274213e-06  	5.994700000000000e+02	599	1.019999999999982e+00	1.000000000000000e+00
5.26096744098967e-06  	6.004700000000000e+02	600	1.000000000000000e+00	1.000000000000000e+00
5.26485432999266e-06  	6.014900000000000e+02	601	1.019999999999982e+00	1.000000000000000e+00
5.26873453255953e-06  	6.024500000000000e+02	602	9.600000000000364e-01	1.000000000000000e+00
5.27260822977758e-06  	6.033500000000000e+02	603	8.999999999999773e-01	1.000000000000000e+00
5.27647528528747e-06  	6.042600000000000e+02	604	9.099999999999682e-01	1.000000000000000e+00
5.28033587889338e-06  	6.051799999999999e+02	605	9.199999999999591e-01	1.000000000000000e+00
5.2841900318931e-06   	6.061000000000000e+02	606	9.200000000000728e-01	1.000000000000000e+00
5.28803776547972e-06  	6.070300000000000e+02	607	9.299999999999500e-01	1.000000000000000e+00
5.29187910074231e-06  	6.079200000000000e+02	608	8.899999999999864e-01	1.000000000000000e+00
5.29571343762082e-06  	6.088300000000000e+02	608	9.100000000000819e-01	0.000000000000000e+00
5.29954095597197e-06  	6.097200000000000e+02	609	8.899999999999864e-01	1.000000000000000e+00
5.30336167972909e-06  	6.106300000000000e+02	610	9.099999999999682e-01	1.000000000000000e+00
5.30717563270022e-06  	6.115300000000000e+02	611	8.999999999999773e-01	1.000000000000000e+00
5.31098314473751e-06  	6.124100000000000e+02	612	8.799999999999955e-01	1.000000000000000e+00
5.31478377959563e-06  	6.132900000000000e+02	613	8.799999999999955e-01	1.000000000000000e+00
5.31857801787335e-06  	6.141700000000000e+02	614	8.799999999999955e-01	1.000000000000000e+00
5.32236557775742e-06  	6.150900000000000e+02	615	9.200000000000728e-01	1.000000000000000e+00
5.32614663344521e-06  	6.159800000000000e+02	616	8.899999999999864e-01	1.000000000000000e+00
5.32992135747402e-06  	6.168600000000000e+02	617	8.799999999999955e-01	1.000000000000000e+00
5.33368962076433e-06  	6.177500000000000e+02	617	8.899999999999864e-01	0.000000000000000e+00
5.33745144513863e-06  	6.186400000000000e+02	618	8.899999999999864e-01	1.000000000000000e+00
5.34120700129807e-06  	6.195500000000000e+02	619	9.099999999999682e-01	1.000000000000000e+00
5.3449561613503e-06   	6.204299999999999e+02	620	8.799999999999955e-01	1.000000000000000e+00
5.34869909479325e-06  	6.213099999999999e+02	621	8.799999999999955e-01	1.000000000000000e+00
5.35243582202993e-06  	6.222000000000000e+02	622	8.900000000001000e-01	1.000000000000000e+00
5.35616651040904e-06  	6.230800000000000e+02	623	8.799999999999955e-01	1.000000000000000e+00
5.35989103260374e-06  	6.239700000000000e+02	624	8.899999999999864e-01	1.000000000000000e+00
5.36360955482163e-06  	6.248500000000000e+02	625	8.799999999999955e-01	1.000000000000000e+00
5.36732209612818e-06  	6.257300000000000e+02	625	8.799999999999955e-01	0.000000000000000e+00
5.37102867549851e-06  	6.266200000000000e+02	626	8.899999999999864e-01	1.000000000000000e+00
5.37472931181795e-06  	6.275000000000000e+02	627	8.799999999999955e-01	1.000000000000000e+00
5.37842402388262e-06  	6.283900000000000e+02	628	8.899999999999864e-01	1.000000000000000e+00
5.38211297421307e-06  	6.292800000000000e+02	629	8.899999999999864e-01	1.000000000000000e+00
5.38579618052806e-06  	6.301600000000000e+02	630	8.799999999999955e-01	1.000000000000000e+00
5.38947366046507e-06  	6.310700000000001e+02	631	9.100000000000819e-01	1.000000000000000e+00
5.39314543158082e-06  	6.319400000000001e+02	632	8.700000000000045e-01	1.000000000000000e+00
5.39681151135174e-06  	6.328300000000000e+02	632	8.899999999999864e-01	0.000000000000000e+00
5.40047205880913e-06  	6.337200000000000e+02	633	8.899999999999864e-01	1.000000000000000e+00
5.40412694919823e-06  	6.345900000000000e+02	634	8.700000000000045e-01	1.000000000000000e+00
5.40777634054312e-06  	6.354900000000000e+02	635	8.999999999999773e-01	1.000000000000000e+00
5.41142024915514e-06  	6.363700000000000e+02	636	8.799999999999955e-01	1.000000000000000e+00
5.4150586912735e-06   	6.372600000000000e+02	637	8.899999999999864e-01	1.000000000000000e+00
5.41869168306565e-06  	6.381500000000000e+02	638	8.899999999999864e-01	1.000000000000000e+00
5.4223193797639e-06   	6.390300000000000e+02	639	8.799999999999955e-01	1.000000000000000e+00
5.42594165784204e-06  	6.399200000000000e+02	640	8.899999999999864e-01	1.000000000000000e+00
5.42955867158519e-06  	6.408000000000000e+02	640	8.799999999999955e-01	0.000000000000000e+00
5.43317043607223e-06  	6.416799999999999e+02	641	8.799999999999955e-01	1.000000000000000e+00
5.4367769663176e-06   	6.425700000000001e+02	642	8.900000000001000e-01	1.000000000000000e+00
5.44037841442796e-06  	6.434500000000000e+02	643	8.799999999999955e-01	1.000000000000000e+00
5.44397465773767e-06  	6.443400000000000e+02	644	8.899999999999864e-01	1.000000000000000e+00
5.44756584745823e-06  	6.452200000000000e+02	645	8.799999999999955e-01	1.000000000000000e+00
5.45115199758159e-06  	6.461100000000000e+02	646	8.899999999999864e-01	1.000000000000000e+00
5.45473312204195e-06  	6.470000000000000e+02	647	8.899999999999864e-01	1.000000000000000e+00
5.45830923471605e-06  	6.478800000000000e+02	648	8.799999999999955e-01	1.000000000000000e+00
5.46188048432e-06     	6.487700000000000e+02	648	8.899999999999864e-01	0.000000000000000e+00
5.46544674934379e-06  	6.496600000000000e+02	649	8.899999999999864e-01	1.000000000000000e+00
5.46900817766095e-06  	6.505300000000000e+02	650	8.700000000000045e-01	1.000000000000000e+00
5.47256478219168e-06  	6.514200000000000e+02	651	8.899999999999864e-01	1.000000000000000e+00
5.47611670926558e-06  	6.522900000000000e+02	652	8.700000000000045e-01	1.000000000000000e+00
5.47966383787901e-06  	6.531799999999999e+02	653	8.899999999999864e-01	1.000000000000000e+00
5.48320618080006e-06  	6.540599999999999e+02	654	8.799999999999955e-01	1.000000000000000e+00
5.48674375074613e-06  	6.549400000000001e+02	655	8.800000000001091e-01	1.000000000000000e+00
5.49027656038427e-06  	6.558200000000001e+02	655	8.799999999999955e-01	0.000000000000000e+00
5.4938046223314e-06   	6.567000000000000e+02	656	8.799999999999955e-01	1.000000000000000e+00
5.49732794915456e-06  	6.575800000000000e+02	657	8.799999999999955e-01	1.000000000000000e+00
5.50084668438377e-06  	6.584600000000000e+02	658	8.799999999999955e-01	1.000000000000000e+00
5.50436070912405e-06  	6.593400000000000e+02	659	8.799999999999955e-01	1.000000000000000e+00
5.50787016612809e-06  	6.602200000000000e+02	660	8.799999999999955e-01	1.000000000000000e+00
5.51137506708632e-06  	6.610900000000000e+02	661	8.700000000000045e-01	1.000000000000000e+00
5.51487542364455e-06  	6.619700000000000e+02	662	8.799999999999955e-01	1.000000000000000e+00
5.51837137674983e-06  	6.628600000000000e+02	663	8.899999999999864e-01	1.000000000000000e+00
5.52186280827946e-06  	6.637300000000000e+02	663	8.700000000000045e-01	0.000000000000000e+00
5.52534985844524e-06  	6.646300000000000e+02	664	8.999999999999773e-01	1.000000000000000e+00
5.52883240968903e-06  	6.655000000000000e+02	665	8.700000000000045e-01	1.000000000000000e+00
5.5323106014931e-06   	6.663700000000000e+02	666	8.700000000000045e-01	1.000000000000000e+00
5.53578457234584e-06  	6.672600000000000e+02	667	8.899999999999864e-01	1.000000000000000e+00
5.53925420488193e-06  	6.681300000000000e+02	668	8.700000000000045e-01	1.000000000000000e+00
5.54271950976454e-06  	6.690200000000000e+02	669	8.899999999999864e-01	1.000000000000000e+00
5.54618062443569e-06  	6.698900000000000e+02	670	8.700000000000045e-01	1.000000000000000e+00
5.54963743234725e-06  	6.707700000000000e+02	670	8.799999999999955e-01	0.000000000000000e+00
5.55309007025366e-06  	6.716500000000000e+02	671	8.799999999999955e-01	1.000000000000000e+00
5.55653854805159e-06  	6.725300000000000e+02	672	8.799999999999955e-01	1.000000000000000e+00
5.55998287560272e-06  	6.734200000000000e+02	673	8.899999999999864e-01	1.000000000000000e+00
5.56342306273387e-06  	6.743000000000000e+02	674	8.799999999999955e-01	1.000000000000000e+00
5.56685924426199e-06  	6.751799999999999e+02	675	8.799999999999955e-01	1.000000000000000e+00
5.57029130462019e-06  	6.760599999999999e+02	676	8.799999999999955e-01	1.000000000000000e+00
5.57371937797731e-06  	6.769299999999999e+02	677	8.700000000000045e-01	1.000000000000000e+00
5.57714347344172e-06  	6.778000000000000e+02	677	8.700000000000045e-01	0.000000000000000e+00
5.58056360009076e-06  	6.786900000000001e+02	678	8.900000000001000e-01	1.000000000000000e+00
5.58397976697089e-06  	6.795500000000000e+02	679	8.599999999999000e-01	1.000000000000000e+00
5.58739198309785e-06  	6.804500000000000e+02	680	9.000000000000909e-01	1.000000000000000e+00
5.59080025745679e-06  	6.813300000000000e+02	681	8.799999999999955e-01	1.000000000000000e+00
5.59420472176541e-06  	6.822100000000000e+02	682	8.799999999999955e-01	1.000000000000000e+00
5.59760526190223e-06  	6.831000000000000e+02	683	8.899999999999864e-01	1.000000000000000e+00
5.6010020089783e-06   	6.839700000000000e+02	684	8.700000000000045e-01	1.000000000000000e+00
5.60439497130994e-06  	6.848500000000000e+02	684	8.799999999999955e-01	0.000000000000000e+00
5.60778403550513e-06  	6.857300000000000e+02	685	8.799999999999955e-01	1.000000000000000e+00
5.61116945319269e-06  	6.866000000000000e+02	686	8.700000000000045e-01	1.000000000000000e+00
5.61455111092223e-06  	6.874800000000000e+02	687	8.799999999999955e-01	1.000000000000000e+00
5.61792901690208e-06  	6.883500000000000e+02	688	8.700000000000045e-01	1.000000000000000e+00
5.62130329994463e-06  	6.892300000000000e+02	689	8.799999999999955e-01	1.000000000000000e+00
5.62467384730723e-06  	6.901100000000000e+02	690	8.799999999999955e-01	1.000000000000000e+00
5.62804078723419e-06  	6.910000000000000e+02	691	8.899999999999864e-01	1.000000000000000e+00
5.63140412731091e-06  	6.918900000000000e+02	692	8.899999999999864e-01	1.000000000000000e+00
5.63476399471835e-06  	6.927600000000000e+02	692	8.700000000000045e-01	0.000000000000000e+00
5.63812027712001e-06  	6.936300000000000e+02	693	8.700000000000045e-01	1.000000000000000e+00
5.64147298203111e-06  	6.945100000000000e+02	694	8.799999999999955e-01	1.000000000000000e+00
5.64482223582084e-06  	6.953900000000000e+02	695	8.799999999999955e-01	1.000000000000000e+00
5.6481679268273e-06   	6.962700000000000e+02	696	8.799999999999955e-01	1.000000000000000e+00
5.65151018088586e-06  	6.971500000000000e+02	697	8.799999999999955e-01	1.000000000000000e+00
5.65484900492928e-06  	6.980200000000000e+02	698	8.700000000000045e-01	1.000000000000000e+00
5.65818440586951e-06  	6.989200000000000e+02	699	8.999999999999773e-01	1.000000000000000e+00
5.6615163905977e-06   	6.997900000000000e+02	699	8.700000000000045e-01	0.000000000000000e+00
5.66484508343174e-06  	7.006799999999999e+02	700	8.899999999999864e-01	1.000000000000000e+00
5.66817037353419e-06  	7.015599999999999e+02	701	8.799999999999955e-01	1.000000000000000e+00
5.6714923847198e-06   	7.024299999999999e+02	702	8.700000000000045e-01	1.000000000000000e+00
5.67481100657511e-06  	7.033099999999999e+02	703	8.799999999999955e-01	1.000000000000000e+00
5.67812636241474e-06  	7.041799999999999e+02	704	8.700000000000045e-01	1.000000000000000e+00
5.68143845854641e-06  	7.050700000000001e+02	705	8.900000000001000e-01	1.000000000000000e+00
5.68474730125967e-06  	7.059400000000001e+02	706	8.700000000000045e-01	1.000000000000000e+00
5.68805301268579e-06  	7.068099999999999e+02	706	8.699999999998909e-01	0.000000000000000e+00
5.69135548299139e-06  	7.077000000000000e+02	707	8.900000000001000e-01	1.000000000000000e+00
5.69465471841266e-06  	7.085800000000000e+02	708	8.799999999999955e-01	1.000000000000000e+00
5.69795084036861e-06  	7.094600000000000e+02	709	8.799999999999955e-01	1.000000000000000e+00
5.70124385462148e-06  	7.103400000000000e+02	710	8.799999999999955e-01	1.000000000000000e+00
5.7045336521426e-06   	7.112100000000000e+02	711	8.700000000000045e-01	1.000000000000000e+00
5.70781989548086e-06  	7.121000000000000e+02	712	8.899999999999864e-01	1.000000000000000e+00
5.71110259218412e-06  	7.129700000000000e+02	713	8.700000000000045e-01	1.000000000000000e+00
5.71438174977638e-06  	7.138400000000000e+02	713	8.700000000000045e-01	0.000000000000000e+00
5.71765748956202e-06  	7.147200000000000e+02	714	8.799999999999955e-01	1.000000000000000e+00
5.72092970496863e-06  	7.156000000000000e+02	715	8.799999999999955e-01	1.000000000000000e+00
5.72419840344989e-06  	7.164800000000000e+02	716	8.799999999999955e-01	1.000000000000000e+00
5.72746370552791e-06  	7.173600000000000e+02	717	8.799999999999955e-01	1.000000000000000e+00
5.73072550527514e-06  	7.182300000000000e+02	718	8.700000000000045e-01	1.000000000000000e+00
5.73398392269917e-06  	7.191100000000000e+02	719	8.799999999999955e-01	1.000000000000000e+00
5.73723896469079e-06  	7.199800000000000e+02	720	8.700000000000045e-01	1.000000000000000e+00
5.74049063811986e-06  	7.208700000000000e+02	721	8.899999999999864e-01	1.000000000000000e+00
5.74373894983541e-06  	7.217400000000000e+02	721	8.700000000000045e-01	0.000000000000000e+00
5.74698390666573e-06  	7.226100000000000e+02	722	8.700000000000045e-01	1.000000000000000e+00
5.75022551541842e-06  	7.235000000000000e+02	723	8.899999999999864e-01	1.000000000000000e+00
5.75346378288053e-06  	7.243900000000000e+02	724	8.899999999999864e-01	1.000000000000000e+00
5.75669882685873e-06  	7.252700000000000e+02	725	8.799999999999955e-01	1.000000000000000e+00
5.75993054283065e-06  	7.261500000000000e+02	726	8.799999999999955e-01	1.000000000000000e+00
5.7631590481221e-06   	7.270300000000000e+02	727	8.799999999999955e-01	1.000000000000000e+00
5.76638434899662e-06  	7.279100000000000e+02	728	8.799999999999955e-01	1.000000000000000e+00
5.76960634153093e-06  	7.287800000000000e+02	728	8.700000000000045e-01	0.000000000000000e+00
5.77282514233908e-06  	7.296600000000000e+02	729	8.799999999999955e-01	1.000000000000000e+00
5.77604086737005e-06  	7.305400000000000e+02	730	8.799999999999955e-01	1.000000000000000e+00
5.77925341285702e-06  	7.314100000000000e+02	731	8.700000000000045e-01	1.000000000000000e+00
5.78246278497321e-06  	7.322900000000000e+02	732	8.799999999999955e-01	1.000000000000000e+00
5.78566898987401e-06  	7.331700000000000e+02	733	8.799999999999955e-01	1.000000000000000e+00
5.78887203369703e-06  	7.340500000000000e+02	734	8.799999999999955e-01	1.000000000000000e+00
5.79207203125031e-06  	7.349200000000000e+02	735	8.700000000000045e-01	1.000000000000000e+00
5.79526898821952e-06  	7.357900000000000e+02	735	8.700000000000045e-01	0.000000000000000e+00
5.79846280199128e-06  	7.366799999999999e+02	736	8.899999999999864e-01	1.000000000000000e+00
5.80165358670822e-06  	7.375500000000000e+02	737	8.700000000000045e-01	1.000000000000000e+00
5.80484134800816e-06  	7.384299999999999e+02	738	8.799999999999955e-01	1.000000000000000e+00
5.80802609151331e-06  	7.393200000000001e+02	739	8.900000000001000e-01	1.000000000000000e+00
5.81120782283031e-06  	7.401900000000001e+02	740	8.700000000000045e-01	1.000000000000000e+00
5.81438654755028e-06  	7.410700000000001e+02	741	8.799999999999955e-01	1.000000000000000e+00
5.81756237833061e-06  	7.419500000000000e+02	742	8.799999999999955e-01	1.000000000000000e+00
5.8207352134479e-06   	7.428200000000001e+02	742	8.700000000000045e-01	0.000000000000000e+00
5.82390505844762e-06  	7.437000000000000e+02	743	8.799999999999955e-01	1.000000000000000e+00
5.82707202535556e-06  	7.445800000000000e+02	744	8.799999999999955e-01	1.000000000000000e+00
5.83023611929685e-06  	7.454500000000000e+02	745	8.700000000000045e-01	1.000000000000000e+00
5.833397239266e-06    	7.463300000000000e+02	746	8.799999999999955e-01	1.000000000000000e+00
5.8365554966701e-06   	7.472100000000000e+02	747	8.799999999999955e-01	1.000000000000000e+00
5.83971089659314e-06  	7.480900000000000e+02	748	8.799999999999955e-01	1.000000000000000e+00
5.84286344410564e-06  	7.489600000000000e+02	749	8.700000000000045e-01	1.000000000000000e+00
5.84601314426473e-06  	7.498300000000000e+02	749	8.700000000000045e-01	0.000000000000000e+00
5.84916010729343e-06  	7.507100000000000e+02	750	8.799999999999955e-01	1.000000000000000e+00
5.85230423285338e-06  	7.515900000000000e+02	751	8.799999999999955e-01	1.000000000000000e+00
5.85544552596229e-06  	7.524800000000000e+02	752	8.899999999999864e-01	1.000000000000000e+00
5.85858409625413e-06  	7.533500000000000e+02	753	8.700000000000045e-01	1.000000000000000e+00
5.86171994835445e-06  	7.542400000000000e+02	754	8.899999999999864e-01	1.000000000000000e+00
5.86485298260252e-06  	7.551200000000000e+02	755	8.799999999999955e-01	1.000000000000000e+00
5.86798330805535e-06  	7.560000000000000e+02	756	8.799999999999955e-01	1.000000000000000e+00
5.87111092930304e-06  	7.568800000000000e+02	757	8.799999999999955e-01	1.000000000000000e+00
5.87423585092414e-06  	7.577600000000000e+02	757	8.799999999999955e-01	0.000000000000000e+00
5.87735807748563e-06  	7.586300000000000e+02	758	8.700000000000045e-01	1.000000000000000e+00
5.88047761354298e-06  	7.595100000000000e+02	759	8.799999999999955e-01	1.000000000000000e+00
5.88359456686085e-06  	7.603800000000000e+02	760	8.700000000000045e-01	1.000000000000000e+00
5.88670883857367e-06  	7.612600000000000e+02	761	8.799999999999955e-01	1.000000000000000e+00
5.88982043320309e-06  	7.621400000000000e+02	762	8.799999999999955e-01	1.000000000000000e+00
5.89292945796579e-06  	7.630100000000000e+02	763	8.700000000000045e-01	1.000000000000000e+00
5.89603581447815e-06  	7.639000000000000e+02	764	8.899999999999864e-01	1.000000000000000e+00
5.89913960959625e-06  	7.647600000000000e+02	764	8.600000000000136e-01	0.000000000000000e+00
5.90224084745639e-06  	7.656300000000000e+02	765	8.700000000000045e-01	1.000000000000000e+00
5.90533943014714e-06  	7.665100000000000e+02	766	8.799999999999955e-01	1.000000000000000e+00
5.90843546399058e-06  	7.673800000000000e+02	767	8.700000000000045e-01	1.000000000000000e+00
5.91152895309289e-06  	7.682600000000000e+02	768	8.799999999999955e-01	1.000000000000000e+00
5.91461990155041e-06  	7.691300000000000e+02	769	8.700000000000045e-01	1.000000000000000e+00
5.91770831344965e-06  	7.699900000000000e+02	770	8.600000000000136e-01	1.000000000000000e+00
5.92079429408686e-06  	7.708800000000000e+02	771	8.899999999999864e-01	1.000000000000000e+00
5.92387774614369e-06  	7.717500000000000e+02	771	8.700000000000045e-01	0.000000000000000e+00
5.92695867367779e-06  	7.726200000000000e+02	772	8.700000000000045e-01	1.000000000000000e+00
5.93003718147694e-06  	7.735000000000000e+02	773	8.799999999999955e-01	1.000000000000000e+00
5.93311317267498e-06  	7.743700000000000e+02	774	8.700000000000045e-01	1.000000000000000e+00
5.93618675172505e-06  	7.752500000000000e+02	775	8.799999999999955e-01	1.000000000000000e+00
5.93925792232869e-06  	7.761200000000000e+02	776	8.700000000000045e-01	1.000000000000000e+00
5.94232658806266e-06  	7.769900000000000e+02	777	8.700000000000045e-01	1.000000000000000e+00
5.94539295284756e-06  	7.778700000000000e+02	778	8.799999999999955e-01	1.000000000000000e+00
5.94845682043005e-06  	7.787400000000000e+02	778	8.700000000000045e-01	0.000000000000000e+00
5.9515182944439e-06   	7.796200000000000e+02	779	8.799999999999955e-01	1.000000000000000e+00
5.95457747805336e-06  	7.804900000000000e+02	780	8.700000000000045e-01	1.000000000000000e+00
5.95763427524903e-06  	7.813700000000000e+02	781	8.799999999999955e-01	1.000000000000000e+00
5.96068868967381e-06  	7.822700000000000e+02	782	8.999999999999773e-01	1.000000000000000e+00
5.96374082401902e-06  	7.831500000000000e+02	783	8.799999999999955e-01	1.000000000000000e+00
5.96679058270022e-06  	7.840400000000000e+02	784	8.899999999999864e-01	1.000000000000000e+00
5.9698379693359e-06   	7.849299999999999e+02	785	8.899999999999864e-01	1.000000000000000e+00
5.97288308614767e-06  	7.858099999999999e+02	785	8.799999999999955e-01	0.000000000000000e+00
5.97592583797325e-06  	7.866900000000001e+02	786	8.800000000001091e-01	1.000000000000000e+00
5.97896632672509e-06  	7.875500000000000e+02	787	8.599999999999000e-01	1.000000000000000e+00
5.98200455569405e-06  	7.884299999999999e+02	788	8.799999999999955e-01	1.000000000000000e+00
5.98504052816383e-06  	7.893099999999999e+02	789	8.799999999999955e-01	1.000000000000000e+00
5.98807424741107e-06  	7.901799999999999e+02	790	8.700000000000045e-01	1.000000000000000e+00
5.9911057167053e-06   	7.910700000000001e+02	791	8.900000000001000e-01	1.000000000000000e+00
5.994134939309e-06    	7.919500000000000e+02	792	8.799999999999955e-01	1.000000000000000e+00
5.99716191847762e-06  	7.928200000000001e+02	792	8.700000000000045e-01	0.000000000000000e+00
6.00018675479005e-06  	7.936900000000001e+02	793	8.700000000000045e-01	1.000000000000000e+00
6.00320935401335e-06  	7.945800000000000e+02	794	8.899999999999864e-01	1.000000000000000e+00
6.00622971938226e-06  	7.954600000000000e+02	795	8.799999999999955e-01	1.000000000000000e+00
6.00924795103985e-06  	7.963400000000000e+02	796	8.799999999999955e-01	1.000000000000000e+00
6.01226395514872e-06  	7.972100000000000e+02	797	8.700000000000045e-01	1.000000000000000e+00
6.01527783156511e-06  	7.980900000000000e+02	798	8.799999999999955e-01	1.000000000000000e+00
6.01828948671198e-06  	7.989700000000000e+02	799	8.799999999999955e-01	1.000000000000000e+00
6.02129902015995e-06  	7.998500000000000e+02	800	8.799999999999955e-01	1.000000000000000e+00
6.02430643482857e-06  	8.007200000000000e+02	800	8.700000000000045e-01	0.000000000000000e+00
6.02731173363143e-06  	8.015900000000000e+02	801	8.700000000000045e-01	1.000000000000000e+00
6.03031491947612e-06  	8.024700000000000e+02	802	8.799999999999955e-01	1.000000000000000e+00
6.03331599526433e-06  	8.033400000000000e+02	803	8.700000000000045e-01	1.000000000000000e+00
6.03631496389181e-06  	8.042200000000000e+02	804	8.799999999999955e-01	1.000000000000000e+00
6.03931182824839e-06  	8.050900000000000e+02	805	8.700000000000045e-01	1.000000000000000e+00
6.04230659121801e-06  	8.059700000000000e+02	806	8.799999999999955e-01	1.000000000000000e+00
6.04529935100169e-06  	8.068400000000000e+02	806	8.700000000000045e-01	0.000000000000000e+00
6.04829001501522e-06  	8.077200000000000e+02	807	8.799999999999955e-01	1.000000000000000e+00
6.05127858612522e-06  	8.085900000000000e+02	808	8.700000000000045e-01	1.000000000000000e+00
6.054265162131e-06    	8.094700000000000e+02	809	8.799999999999955e-01	1.000000000000000e+00
6.05724974563126e-06  	8.103500000000000e+02	810	8.799999999999955e-01	1.000000000000000e+00
6.06023224452816e-06  	8.112400000000000e+02	811	8.899999999999864e-01	1.000000000000000e+00
6.06321275622799e-06  	8.121100000000000e+02	812	8.700000000000045e-01	1.000000000000000e+00
6.06619128331417e-06  	8.129900000000000e+02	813	8.799999999999955e-01	1.000000000000000e+00
6.06916782836508e-06  	8.138700000000000e+02	814	8.799999999999955e-01	1.000000000000000e+00
6.07214239395415e-06  	8.147500000000000e+02	814	8.799999999999955e-01	0.000000000000000e+00
6.07511498264983e-06  	8.156300000000000e+02	815	8.799999999999955e-01	1.000000000000000e+00
6.07808559701561e-06  	8.165100000000000e+02	816	8.799999999999955e-01	1.000000000000000e+00
6.08105423961005e-06  	8.173900000000000e+02	817	8.799999999999955e-01	1.000000000000000e+00
6.08402091298678e-06  	8.182700000000000e+02	818	8.799999999999955e-01	1.000000000000000e+00
6.08698571328627e-06  	8.191500000000000e+02	819	8.799999999999955e-01	1.000000000000000e+00
6.08994854933658e-06  	8.200300000000000e+02	820	8.799999999999955e-01	1.000000000000000e+00
6.09290942367686e-06  	8.209100000000000e+02	821	8.799999999999955e-01	1.000000000000000e+00
6.09586843207667e-06  	8.217800000000000e+02	821	8.700000000000045e-01	0.000000000000000e+00
6.09882548370685e-06  	8.226600000000000e+02	822	8.799999999999955e-01	1.000000000000000e+00
6.10178067409289e-06  	8.235300000000000e+02	823	8.700000000000045e-01	1.000000000000000e+00
6.10473400551787e-06  	8.244299999999999e+02	824	8.999999999999773e-01	1.000000000000000e+00
6.10768548026073e-06  	8.253099999999999e+02	825	8.799999999999955e-01	1.000000000000000e+00
6.11063500793703e-06  	8.261799999999999e+02	826	8.700000000000045e-01	1.000000000000000e+00
6.11358268359294e-06  	8.270700000000001e+02	827	8.900000000001000e-01	1.000000000000000e+00
6.11652850949474e-06  	8.279400000000001e+02	828	8.700000000000045e-01	1.000000000000000e+00
6.11947239559084e-06  	8.288099999999999e+02	828	8.699999999998909e-01	0.000000000000000e+00
6.1224140678226e-06   	8.296799999999999e+02	829	8.700000000000045e-01	1.000000000000000e+00
6.12535362149031e-06  	8.305500000000000e+02	830	8.700000000000045e-01	1.000000000000000e+00
6.12829096766443e-06  	8.314400000000001e+02	831	8.900000000001000e-01	1.000000000000000e+00
6.1312262013667e-06   	8.323099999999999e+02	832	8.699999999998909e-01	1.000000000000000e+00
6.13415932556751e-06  	8.331900000000001e+02	833	8.800000000001091e-01	1.000000000000000e+00
6.13709034323104e-06  	8.340800000000000e+02	834	8.899999999999864e-01	1.000000000000000e+00
6.14001916592377e-06  	8.349500000000000e+02	835	8.700000000000045e-01	1.000000000000000e+00
6.14294588812004e-06  	8.358400000000000e+02	835	8.899999999999864e-01	0.000000000000000e+00
6.14587060390053e-06  	8.367100000000000e+02	836	8.700000000000045e-01	1.000000000000000e+00
6.14879313393093e-06  	8.375800000000000e+02	837	8.700000000000045e-01	1.000000000000000e+00
6.1517135722825e-06   	8.384500000000000e+02	838	8.700000000000045e-01	1.000000000000000e+00
6.15463192188221e-06  	8.393300000000000e+02	839	8.799999999999955e-01	1.000000000000000e+00
6.15754818565096e-06  	8.402000000000000e+02	840	8.700000000000045e-01	1.000000000000000e+00
6.16046227600944e-06  	8.410800000000000e+02	841	8.799999999999955e-01	1.000000000000000e+00
6.16337428648963e-06  	8.419500000000000e+02	842	8.700000000000045e-01	1.000000000000000e+00
6.16628431023563e-06  	8.428300000000000e+02	842	8.799999999999955e-01	0.000000000000000e+00
6.16919234989503e-06  	8.437100000000000e+02	843	8.799999999999955e-01	1.000000000000000e+00
6.17209840811016e-06  	8.445900000000000e+02	844	8.799999999999955e-01	1.000000000000000e+00
6.17500248751812e-06  	8.454800000000000e+02	845	8.899999999999864e-01	1.000000000000000e+00
6.1779045907508e-06   	8.463500000000000e+02	846	8.700000000000045e-01	1.000000000000000e+00
6.18080463079188e-06  	8.472300000000000e+02	847	8.799999999999955e-01	1.000000000000000e+00
6.18370270002764e-06  	8.481100000000000e+02	848	8.799999999999955e-01	1.000000000000000e+00
6.1865987116745e-06   	8.489800000000000e+02	849	8.700000000000045e-01	1.000000000000000e+00
6.18949266858872e-06  	8.498600000000000e+02	850	8.799999999999955e-01	1.000000000000000e+00
6.1923844844744e-06   	8.507400000000000e+02	850	8.799999999999955e-01	0.000000000000000e+00
6.19527434047131e-06  	8.516200000000000e+02	851	8.799999999999955e-01	1.000000000000000e+00
6.19816223917396e-06  	8.524900000000000e+02	852	8.700000000000045e-01	1.000000000000000e+00
6.20104818317177e-06  	8.533600000000000e+02	853	8.700000000000045e-01	1.000000000000000e+00
6.20393217504905e-06  	8.542500000000000e+02	854	8.899999999999864e-01	1.000000000000000e+00
6.20681430594338e-06  	8.551200000000000e+02	855	8.700000000000045e-01	1.000000000000000e+00
6.20969448975097e-06  	8.559900000000000e+02	856	8.700000000000045e-01	1.000000000000000e+00
6.21257281737135e-06  	8.568600000000000e+02	857	8.700000000000045e-01	1.000000000000000e+00
6.21544929113864e-06  	8.577300000000000e+02	857	8.700000000000045e-01	0.000000000000000e+00
6.21832391338259e-06  	8.586200000000000e+02	858	8.899999999999864e-01	1.000000000000000e+00
6.22119668642859e-06  	8.594900000000000e+02	859	8.700000000000045e-01	1.000000000000000e+00
6.2240675247104e-06   	8.603700000000000e+02	860	8.799999999999955e-01	1.000000000000000e+00
6.22693651854493e-06  	8.612500000000000e+02	861	8.799999999999955e-01	1.000000000000000e+00
6.22980349492628e-06  	8.621200000000000e+02	862	8.700000000000045e-01	1.000000000000000e+00
6.23266854416412e-06  	8.630000000000000e+02	863	8.799999999999955e-01	1.000000000000000e+00
6.23553166878872e-06  	8.638700000000000e+02	864	8.700000000000045e-01	1.000000000000000e+00
6.23839287132546e-06  	8.647500000000000e+02	864	8.799999999999955e-01	0.000000000000000e+00
6.24125215429474e-06  	8.656400000000000e+02	865	8.899999999999864e-01	1.000000000000000e+00
6.24410960729503e-06  	8.665100000000000e+02	866	8.700000000000045e-01	1.000000000000000e+00
6.24696523261158e-06  	8.673800000000000e+02	867	8.700000000000045e-01	1.000000000000000e+00
6.24981903252535e-06  	8.682600000000000e+02	868	8.799999999999955e-01	1.000000000000000e+00
6.25267109607582e-06  	8.691300000000000e+02	869	8.700000000000045e-01	1.000000000000000e+00
6.25552133866206e-06  	8.700000000000000e+02	870	8.700000000000045e-01	1.000000000000000e+00
6.25836984910452e-06  	8.708800000000000e+02	871	8.799999999999955e-01	1.000000000000000e+00
6.26121654300524e-06  	8.717600000000000e+02	871	8.799999999999955e-01	0.000000000000000e+00
6.26406150896649e-06  	8.726400000000000e+02	872	8.799999999999955e-01	1.000000000000000e+00
6.26690474903234e-06  	8.735100000000000e+02	873	8.700000000000045e-01	1.000000000000000e+00
6.26974617910543e-06  	8.744000000000000e+02	874	8.899999999999864e-01	1.000000000000000e+00
6.27258580143398e-06  	8.752700000000000e+02	875	8.700000000000045e-01	1.000000000000000e+00
6.27542353234314e-06  	8.761400000000000e+02	876	8.700000000000045e-01	1.000000000000000e+00
6.27825946010094e-06  	8.770200000000000e+02	877	8.799999999999955e-01	1.000000000000000e+00
6.281093586943e-06    	8.778900000000000e+02	878	8.700000000000045e-01	1.000000000000000e+00
6.28392591510078e-06  	8.787800000000000e+02	878	8.899999999999864e-01	0.000000000000000e+00
6.28675644680168e-06  	8.796400000000000e+02	879	8.600000000000136e-01	1.000000000000000e+00
6.28958526965706e-06  	8.805200000000000e+02	880	8.799999999999955e-01	1.000000000000000e+00
6.29241238567753e-06  	8.814000000000000e+02	881	8.799999999999955e-01	1.000000000000000e+00
6.29523779687014e-06  	8.822700000000000e+02	882	8.700000000000045e-01	1.000000000000000e+00
6.29806159033094e-06  	8.831500000000000e+02	883	8.799999999999955e-01	1.000000000000000e+00
6.30088368286504e-06  	8.840200000000000e+02	884	8.700000000000045e-01	1.000000000000000e+00
6.30370416136711e-06  	8.848900000000000e+02	885	8.700000000000045e-01	1.000000000000000e+00
6.30652294283036e-06  	8.857700000000000e+02	885	8.799999999999955e-01	0.000000000000000e+00
6.30934002924478e-06  	8.866400000000000e+02	886	8.700000000000045e-01	1.000000000000000e+00
6.31215542259687e-06  	8.875599999999999e+02	887	9.199999999999591e-01	1.000000000000000e+00
6.31496904036903e-06  	8.884700000000000e+02	888	9.100000000000819e-01	1.000000000000000e+00
6.31778096914292e-06  	8.893500000000000e+02	889	8.799999999999955e-01	1.000000000000000e+00
6.32059112659652e-06  	8.902400000000000e+02	890	8.899999999999864e-01	1.000000000000000e+00
6.32339959910142e-06  	8.911000000000000e+02	891	8.600000000000136e-01	1.000000000000000e+00
6.3262063045305e-06   	8.919800000000000e+02	892	8.799999999999955e-01	1.000000000000000e+00
6.32901132904601e-06  	8.928500000000000e+02	893	8.700000000000045e-01	1.000000000000000e+00
6.33181475850972e-06  	8.937200000000000e+02	893	8.700000000000045e-01	0.000000000000000e+00
6.33461659468697e-06  	8.946000000000000e+02	894	8.799999999999955e-01	1.000000000000000e+00
6.33741692305953e-06  	8.954800000000000e+02	895	8.799999999999955e-01	1.000000000000000e+00
6.34021566157255e-06  	8.963400000000000e+02	896	8.600000000000136e-01	1.000000000000000e+00
6.34301272844842e-06  	8.972200000000000e+02	897	8.799999999999955e-01	1.000000000000000e+00
6.3458082925124e-06   	8.980900000000000e+02	898	8.700000000000045e-01	1.000000000000000e+00
6.34860218862849e-06  	8.989700000000000e+02	899	8.799999999999955e-01	1.000000000000000e+00
6.3513945019894e-06   	8.998400000000000e+02	899	8.700000000000045e-01	0.000000000000000e+00
6.35418523434026e-06  	9.007100000000000e+02	900	8.700000000000045e-01	1.000000000000000e+00
6.35697430435354e-06  	9.015900000000000e+02	901	8.799999999999955e-01	1.000000000000000e+00
6.35976179693244e-06  	9.024500000000000e+02	902	8.600000000000136e-01	1.000000000000000e+00
6.36254763093128e-06  	9.033300000000000e+02	903	8.799999999999955e-01	1.000000000000000e+00
6.36533180827337e-06  	9.042100000000000e+02	904	8.799999999999955e-01	1.000000000000000e+00
6.36811449626385e-06  	9.050800000000000e+02	905	8.700000000000045e-01	1.000000000000000e+00
6.37089553123782e-06  	9.059700000000000e+02	906	8.899999999999864e-01	1.000000000000000e+00
6.37367508013106e-06  	9.068400000000000e+02	906	8.700000000000045e-01	0.000000000000000e+00
6.37645306205908e-06  	9.077100000000000e+02	907	8.700000000000045e-01	1.000000000000000e+00
6.37922956107859e-06  	9.085900000000000e+02	908	8.799999999999955e-01	1.000000000000000e+00
6.38200441422892e-06  	9.094500000000000e+02	909	8.600000000000136e-01	1.000000000000000e+00
6.38477786988247e-06  	9.103300000000000e+02	910	8.799999999999955e-01	1.000000000000000e+00
6.38754968317465e-06  	9.112000000000000e+02	911	8.700000000000045e-01	1.000000000000000e+00
6.39032010194698e-06  	9.120700000000001e+02	912	8.700000000000045e-01	1.000000000000000e+00
6.39308896375182e-06  	9.129500000000000e+02	913	8.799999999999955e-01	1.000000000000000e+00
6.39585627029224e-06  	9.138099999999999e+02	913	8.599999999999000e-01	0.000000000000000e+00
6.39862210499158e-06  	9.146900000000001e+02	914	8.800000000001091e-01	1.000000000000000e+00
6.40138638773263e-06  	9.155599999999999e+02	915	8.699999999998909e-01	1.000000000000000e+00
6.4041492017598e-06   	9.164299999999999e+02	916	8.700000000000045e-01	1.000000000000000e+00
6.40691046712439e-06  	9.173099999999999e+02	917	8.799999999999955e-01	1.000000000000000e+00
6.40967026689241e-06  	9.181900000000001e+02	918	8.800000000001091e-01	1.000000000000000e+00
6.41242852128318e-06  	9.190599999999999e+02	919	8.699999999998909e-01	1.000000000000000e+00
6.41518531318487e-06  	9.199299999999999e+02	920	8.700000000000045e-01	1.000000000000000e+00
6.41794064410455e-06  	9.208000000000000e+02	920	8.700000000000045e-01	0.000000000000000e+00
6.42069451554696e-06  	9.216799999999999e+02	921	8.799999999999955e-01	1.000000000000000e+00
6.42344692901454e-06  	9.225500000000000e+02	922	8.700000000000045e-01	1.000000000000000e+00
6.42619788600746e-06  	9.234200000000000e+02	923	8.700000000000045e-01	1.000000000000000e+00
6.42894738802356e-06  	9.243000000000000e+02	924	8.799999999999955e-01	1.000000000000000e+00
6.43169543655842e-06  	9.251700000000000e+02	925	8.700000000000045e-01	1.000000000000000e+00
6.43444211373107e-06  	9.260500000000000e+02	926	8.799999999999955e-01	1.000000000000000e+00
6.43718734032163e-06  	9.269299999999999e+02	927	8.799999999999955e-01	1.000000000000000e+00
6.43993111781899e-06  	9.278000000000000e+02	927	8.700000000000045e-01	0.000000000000000e+00
6.44267344770972e-06  	9.286700000000000e+02	928	8.700000000000045e-01	1.000000000000000e+00
6.44541441177828e-06  	9.295400000000000e+02	929	8.700000000000045e-01	1.000000000000000e+00
6.44815393112201e-06  	9.304100000000000e+02	930	8.700000000000045e-01	1.000000000000000e+00
6.45089208736122e-06  	9.313000000000000e+02	931	8.899999999999864e-01	1.000000000000000e+00
6.45362880174886e-06  	9.321700000000000e+02	932	8.700000000000045e-01	1.000000000000000e+00
6.45636415574161e-06  	9.330500000000000e+02	933	8.799999999999955e-01	1.000000000000000e+00
6.45909807074758e-06  	9.339299999999999e+02	934	8.799999999999955e-01	1.000000000000000e+00
6.46183062806031e-06  	9.348000000000000e+02	934	8.700000000000045e-01	0.000000000000000e+00
6.46456174924259e-06  	9.356700000000000e+02	935	8.700000000000045e-01	1.000000000000000e+00
6.46729151542531e-06  	9.365300000000000e+02	936	8.600000000000136e-01	1.000000000000000e+00
6.47001992791282e-06  	9.374299999999999e+02	937	8.999999999999773e-01	1.000000000000000e+00
6.47274698800764e-06  	9.383000000000000e+02	938	8.700000000000045e-01	1.000000000000000e+00
6.4754726175761e-06   	9.391700000000000e+02	939	8.700000000000045e-01	1.000000000000000e+00
6.47819697678792e-06  	9.400400000000000e+02	940	8.700000000000045e-01	1.000000000000000e+00
6.48091990822166e-06  	9.409200000000000e+02	941	8.799999999999955e-01	1.000000000000000e+00
6.48364149253257e-06  	9.417900000000000e+02	941	8.700000000000045e-01	0.000000000000000e+00
6.4863617310138e-06   	9.426700000000000e+02	942	8.799999999999955e-01	1.000000000000000e+00
6.48908070401031e-06  	9.435300000000000e+02	943	8.600000000000136e-01	1.000000000000000e+00
6.49179833367975e-06  	9.444100000000000e+02	944	8.799999999999955e-01	1.000000000000000e+00
6.49451462130986e-06  	9.452800000000000e+02	945	8.700000000000045e-01	1.000000000000000e+00
6.49722956818651e-06  	9.461500000000000e+02	946	8.700000000000045e-01	1.000000000000000e+00
6.49994317559376e-06  	9.470300000000000e+02	947	8.799999999999955e-01	1.000000000000000e+00
6.50265552349422e-06  	9.479000000000000e+02	948	8.700000000000045e-01	1.000000000000000e+00
6.50536653441038e-06  	9.487700000000000e+02	948	8.700000000000045e-01	0.000000000000000e+00
6.50807628815543e-06  	9.496400000000000e+02	949	8.700000000000045e-01	1.000000000000000e+00
6.51078470739445e-06  	9.505100000000000e+02	950	8.700000000000045e-01	1.000000000000000e+00
6.51349187179164e-06  	9.513900000000000e+02	951	8.799999999999955e-01	1.000000000000000e+00
6.51619770415425e-06  	9.522600000000000e+02	952	8.700000000000045e-01	1.000000000000000e+00
6.51890228399791e-06  	9.531400000000000e+02	953	8.799999999999955e-01	1.000000000000000e+00
6.52160561244545e-06  	9.540200000000000e+02	954	8.799999999999955e-01	1.000000000000000e+00
6.52430761251446e-06  	9.549000000000000e+02	955	8.799999999999955e-01	1.000000000000000e+00
6.52700836350078e-06  	9.557900000000000e+02	955	8.899999999999864e-01	0.000000000000000e+00
6.52970786652269e-06  	9.566700000000000e+02	956	8.799999999999955e-01	1.000000000000000e+00
6.53240612269697e-06  	9.575500000000000e+02	957	8.799999999999955e-01	1.000000000000000e+00
6.53510313313895e-06  	9.584299999999999e+02	958	8.799999999999955e-01	1.000000000000000e+00
6.53779889896246e-06  	9.593000000000000e+02	959	8.700000000000045e-01	1.000000000000000e+00
6.54049342127985e-06  	9.601799999999999e+02	960	8.799999999999955e-01	1.000000000000000e+00
6.54318670120201e-06  	9.610599999999999e+02	961	8.799999999999955e-01	1.000000000000000e+00
6.54587873983834e-06  	9.619400000000001e+02	962	8.800000000001091e-01	1.000000000000000e+00
6.54856953829678e-06  	9.628300000000000e+02	962	8.899999999999864e-01	0.000000000000000e+00
6.55125909768381e-06  	9.637200000000000e+02	963	8.899999999999864e-01	1.000000000000000e+00
6.55394741910443e-06  	9.646200000000000e+02	964	8.999999999999773e-01	1.000000000000000e+00
6.55663458093278e-06  	9.655100000000000e+02	965	8.899999999999864e-01	1.000000000000000e+00
6.55932042972756e-06  	9.663800000000000e+02	966	8.700000000000045e-01	1.000000000000000e+00
6.56200488960949e-06  	9.672600000000000e+02	967	8.799999999999955e-01	1.000000000000000e+00
6.56468788493225e-06  	9.681500000000000e+02	968	8.899999999999864e-01	1.000000000000000e+00
6.56736949421145e-06  	9.690400000000000e+02	969	8.899999999999864e-01	1.000000000000000e+00
6.57004971883869e-06  	9.699100000000000e+02	970	8.700000000000045e-01	1.000000000000000e+00
6.57272856020352e-06  	9.708099999999999e+02	970	8.999999999999773e-01	0.000000000000000e+00
6.57540594296437e-06  	9.716799999999999e+02	971	8.700000000000045e-01	1.000000000000000e+00
6.57808194531477e-06  	9.725599999999999e+02	972	8.799999999999955e-01	1.000000000000000e+00
6.58075656863793e-06  	9.734400000000001e+02	973	8.800000000001091e-01	1.000000000000000e+00
6.58342981431501e-06  	9.743099999999999e+02	974	8.699999999998909e-01	1.000000000000000e+00
6.58610160730739e-06  	9.751799999999999e+02	975	8.700000000000045e-01	1.000000000000000e+00
6.58877210182977e-06  	9.760599999999999e+02	976	8.799999999999955e-01	1.000000000000000e+00
6.59144114657227e-06  	9.769299999999999e+02	977	8.700000000000045e-01	1.000000000000000e+00
6.59410889543997e-06  	9.778400000000000e+02	977	9.100000000000819e-01	0.000000000000000e+00
6.596775197424e-06    	9.787100000000000e+02	978	8.700000000000045e-01	1.000000000000000e+00
6.59944020612072e-06  	9.795800000000000e+02	979	8.700000000000045e-01	1.000000000000000e+00
6.60210384678217e-06  	9.804700000000000e+02	980	8.899999999999864e-01	1.000000000000000e+00
6.6047661207732e-06   	9.813400000000000e+02	981	8.700000000000045e-01	1.000000000000000e+00
6.60742702945661e-06  	9.822200000000000e+02	982	8.799999999999955e-01	1.000000000000000e+00
6.61008657419322e-06  	9.831000000000000e+02	983	8.799999999999955e-01	1.000000000000000e+00
6.61274475634179e-06  	9.839900000000000e+02	984	8.899999999999864e-01	1.000000000000000e+00
6.61540165284649e-06  	9.848700000000000e+02	985	8.799999999999955e-01	1.000000000000000e+00
6.6180572649138e-06   	9.857400000000000e+02	985	8.700000000000045e-01	0.000000000000000e+00
6.6207115183029e-06   	9.866200000000000e+02	986	8.799999999999955e-01	1.000000000000000e+00
6.62336448973541e-06  	9.874900000000000e+02	987	8.700000000000045e-01	1.000000000000000e+00
6.62601610511268e-06  	9.883500000000000e+02	988	8.600000000000136e-01	1.000000000000000e+00
6.62866644100706e-06  	9.892300000000000e+02	989	8.799999999999955e-01	1.000000000000000e+00
6.63131542346163e-06  	9.900900000000000e+02	990	8.600000000000136e-01	1.000000000000000e+00
6.63396305381968e-06  	9.909700000000000e+02	991	8.799999999999955e-01	1.000000000000000e+00
6.63660940842829e-06  	9.918400000000000e+02	991	8.700000000000045e-01	0.000000000000000e+00
6.63925448848018e-06  	9.927000000000000e+02	992	8.600000000000136e-01	1.000000000000000e+00
6.64189829516643e-06  	9.935700000000001e+02	993	8.700000000000045e-01	1.000000000000000e+00
6.64454082967646e-06  	9.944400000000001e+02	994	8.700000000000045e-01	1.000000000000000e+00
6.64718209319804e-06  	9.953200000000001e+02	995	8.799999999999955e-01	1.000000000000000e+00
6.6498220869173e-06   	9.962000000000000e+02	996	8.799999999999955e-01	1.000000000000000e+00
6.65246081201872e-06  	9.970599999999999e+02	997	8.599999999999000e-01	1.000000000000000e+00
6.65509834420645e-06  	9.979299999999999e+02	998	8.700000000000045e-01	1.000000000000000e+00
6.65773461006885e-06  	9.988000000000000e+02	998	8.700000000000045e-01	0.000000000000000e+00
6.66036953640307e-06  	9.996600000000000e+02	999	8.600000000000136e-01	1.000000000000000e+00
6.66300319884103e-06  	1.000540000000000e+03	1000	8.799999999999955e-01	1.000000000000000e+00
6.66563559855903e-06  	1.001400000000000e+03	1001	8.600000000000136e-01	1.000000000000000e+00
6.66826673673177e-06  	1.002270000000000e+03	1002	8.700000000000045e-01	1.000000000000000e+00
6.6708966145323e-06   	1.003140000000000e+03	1003	8.700000000000045e-01	1.000000000000000e+00
6.67352530716934e-06  	1.004010000000000e+03	1004	8.700000000000045e-01	1.000000000000000e+00
6.67615274170461e-06  	1.004890000000000e+03	1005	8.799999999999955e-01	1.000000000000000e+00
6.67877891930643e-06  	1.005750000000000e+03	1005	8.600000000000136e-01	0.000000000000000e+00
6.68140384114151e-06  	1.006610000000000e+03	1006	8.600000000000136e-01	1.000000000000000e+00
6.68402750837495e-06  	1.007490000000000e+03	1007	8.799999999999955e-01	1.000000000000000e+00
6.68664992217024e-06  	1.008350000000000e+03	1008	8.600000000000136e-01	1.000000000000000e+00
6.68927101006322e-06  	1.009220000000000e+03	1009	8.700000000000045e-01	1.000000000000000e+00
6.69189077335677e-06  	1.010090000000000e+03	1010	8.700000000000045e-01	1.000000000000000e+00
6.69450921335191e-06  	1.010960000000000e+03	1011	8.700000000000045e-01	1.000000000000000e+00
6.69712633134772e-06  	1.011830000000000e+03	1011	8.700000000000045e-01	0.000000000000000e+00
6.69974212864141e-06  	1.012690000000000e+03	1012	8.600000000000136e-01	1.000000000000000e+00
6.70235660652829e-06  	1.013560000000000e+03	1013	8.699999999998909e-01	1.000000000000000e+00
6.7049697663018e-06   	1.014430000000000e+03	1014	8.700000000000045e-01	1.000000000000000e+00
6.70758168237542e-06  	1.015300000000000e+03	1015	8.700000000000045e-01	1.000000000000000e+00
6.7101924289562e-06   	1.016180000000000e+03	1016	8.799999999999955e-01	1.000000000000000e+00
6.71280193406309e-06  	1.017050000000000e+03	1017	8.700000000000045e-01	1.000000000000000e+00
6.71541027176939e-06  	1.017910000000000e+03	1018	8.600000000000136e-01	1.000000000000000e+00
6.71801751595531e-06  	1.018800000000000e+03	1018	8.899999999999864e-01	0.000000000000000e+00
6.72062359469712e-06  	1.019670000000000e+03	1019	8.700000000000045e-01	1.000000000000000e+00
6.72322850900372e-06  	1.020540000000000e+03	1020	8.700000000000045e-01	1.000000000000000e+00
6.72583233256655e-06  	1.021420000000000e+03	1021	8.799999999999955e-01	1.000000000000000e+00
6.72843499364326e-06  	1.022290000000000e+03	1022	8.700000000000045e-01	1.000000000000000e+00
6.7310365658012e-06   	1.023160000000000e+03	1023	8.700000000000045e-01	1.000000000000000e+00
6.73363704992082e-06  	1.024030000000000e+03	1024	8.700000000000045e-01	1.000000000000000e+00
6.73623644688152e-06  	1.024900000000000e+03	1025	8.700000000001182e-01	1.000000000000000e+00
6.73883468517524e-06  	1.025770000000000e+03	1025	8.699999999998909e-01	0.000000000000000e+00
6.74143191045415e-06  	1.026640000000000e+03	1026	8.700000000001182e-01	1.000000000000000e+00
6.74402797893644e-06  	1.027510000000000e+03	1027	8.699999999998909e-01	1.000000000000000e+00
6.74662303603854e-06  	1.028370000000000e+03	1028	8.599999999999000e-01	1.000000000000000e+00
