# time                
# Time                	cpu                   	clock                 	cpu/step              	clock/step            
0                     	9.000000000000000e-02	0	0.000000000000000e+00	0.000000000000000e+00
1.19999904000077e-10  	2.680000000000000e+00	2	2.590000000000000e+00	2.000000000000000e+00
2.63999616000445e-10  	5.260000000000000e+00	5	2.580000000000000e+00	3.000000000000000e+00
4.36799071335788e-10  	7.880000000000000e+00	8	2.620000000000000e+00	3.000000000000000e+00
6.4415820274799e-10   	1.047000000000000e+01	10	2.590000000000001e+00	2.000000000000000e+00
8.92988954051989e-10  	1.237000000000000e+01	12	1.899999999999999e+00	2.000000000000000e+00
1.19158555841406e-09  	1.496000000000000e+01	15	2.590000000000002e+00	3.000000000000000e+00
1.54990019973483e-09  	1.760000000000000e+01	17	2.640000000000001e+00	2.000000000000000e+00
1.97987715304205e-09  	2.023000000000000e+01	20	2.629999999999999e+00	3.000000000000000e+00
2.49584683469715e-09  	2.285000000000000e+01	22	2.620000000000001e+00	2.000000000000000e+00
3.11500725792346e-09  	2.561000000000000e+01	25	2.759999999999998e+00	3.000000000000000e+00
3.85799792561604e-09  	2.827000000000000e+01	28	2.660000000000000e+00	3.000000000000000e+00
4.74957877730543e-09  	3.090000000000000e+01	31	2.629999999999999e+00	3.000000000000000e+00
5.81947007569327e-09  	3.357000000000000e+01	33	2.670000000000002e+00	2.000000000000000e+00
7.10332314980061e-09  	3.627000000000000e+01	36	2.700000000000003e+00	3.000000000000000e+00
8.6439270582337e-09   	3.823000000000000e+01	38	1.959999999999994e+00	2.000000000000000e+00
1.04926403548289e-08  	4.097000000000000e+01	41	2.740000000000002e+00	3.000000000000000e+00
1.27110799039868e-08  	4.374000000000000e+01	43	2.770000000000003e+00	2.000000000000000e+00
1.53731482990905e-08  	4.662000000000000e+01	46	2.879999999999995e+00	3.000000000000000e+00
1.85675453231065e-08  	4.959000000000000e+01	49	2.970000000000006e+00	3.000000000000000e+00
2.24007482696493e-08  	5.257000000000000e+01	52	2.979999999999997e+00	3.000000000000000e+00
2.70003801822243e-08  	5.570000000000000e+01	55	3.130000000000003e+00	3.000000000000000e+00
3.25197861127614e-08  	5.898000000000000e+01	59	3.279999999999994e+00	4.000000000000000e+00
3.91427806943095e-08  	6.226000000000000e+01	62	3.280000000000001e+00	3.000000000000000e+00
4.7090058259845e-08   	6.563000000000000e+01	65	3.369999999999997e+00	3.000000000000000e+00
5.66266396873558e-08  	6.902000000000000e+01	69	3.390000000000001e+00	4.000000000000000e+00
6.8069663887071e-08   	7.256999999999999e+01	72	3.549999999999997e+00	3.000000000000000e+00
8.18003495611728e-08  	7.623999999999999e+01	76	3.670000000000002e+00	4.000000000000000e+00
9.8274908448302e-08   	8.008000000000000e+01	80	3.840000000000003e+00	4.000000000000000e+00
1.18041771347303e-07  	8.408000000000000e+01	84	4.000000000000000e+00	4.000000000000000e+00
1.41761068005734e-07  	8.826000000000001e+01	88	4.180000000000007e+00	4.000000000000000e+00
1.7021881634771e-07   	9.253000000000000e+01	92	4.269999999999996e+00	4.000000000000000e+00
2.04360328380423e-07  	9.692000000000000e+01	97	4.390000000000001e+00	5.000000000000000e+00
2.45327339739873e-07  	1.015300000000000e+02	101	4.609999999999999e+00	4.000000000000000e+00
2.94467572577439e-07  	1.063000000000000e+02	106	4.769999999999996e+00	5.000000000000000e+00
3.53430040009386e-07  	1.112900000000000e+02	111	4.990000000000009e+00	5.000000000000000e+00
4.24151523302496e-07  	1.149200000000000e+02	115	3.629999999999995e+00	4.000000000000000e+00
5.07828706896359e-07  	1.166700000000000e+02	116	1.750000000000000e+00	1.000000000000000e+00
6.02583155746934e-07  	1.185500000000000e+02	118	1.879999999999995e+00	2.000000000000000e+00
6.98526608299302e-07  	1.203600000000000e+02	120	1.810000000000002e+00	2.000000000000000e+00
7.8354499305247e-07   	1.219400000000000e+02	122	1.579999999999998e+00	2.000000000000000e+00
8.60876602566849e-07  	1.233600000000000e+02	123	1.420000000000002e+00	1.000000000000000e+00
9.3250891716037e-07   	1.247600000000000e+02	124	1.400000000000006e+00	1.000000000000000e+00
9.99673317894498e-07  	1.260800000000000e+02	126	1.319999999999993e+00	2.000000000000000e+00
1.06321653142602e-06  	1.274100000000000e+02	127	1.329999999999998e+00	1.000000000000000e+00
1.12380243679563e-06  	1.286700000000000e+02	128	1.259999999999991e+00	1.000000000000000e+00
1.18189655992324e-06  	1.298600000000000e+02	130	1.190000000000026e+00	2.000000000000000e+00
1.23785245088592e-06  	1.310300000000000e+02	131	1.169999999999987e+00	1.000000000000000e+00
1.29196869611831e-06  	1.321900000000000e+02	132	1.159999999999997e+00	1.000000000000000e+00
1.34447296808846e-06  	1.333300000000000e+02	133	1.140000000000015e+00	1.000000000000000e+00
1.39558982147287e-06  	1.344800000000000e+02	134	1.149999999999977e+00	1.000000000000000e+00
1.44544038273602e-06  	1.355900000000000e+02	135	1.110000000000014e+00	1.000000000000000e+00
1.4942056274749e-06   	1.366700000000000e+02	136	1.079999999999984e+00	1.000000000000000e+00
1.5419544371562e-06   	1.377700000000000e+02	138	1.100000000000023e+00	2.000000000000000e+00
1.58881690529654e-06  	1.388300000000000e+02	139	1.060000000000002e+00	1.000000000000000e+00
1.63484645772624e-06  	1.399000000000000e+02	140	1.069999999999993e+00	1.000000000000000e+00
1.68011344048844e-06  	1.409300000000000e+02	141	1.030000000000001e+00	1.000000000000000e+00
1.72464237461866e-06  	1.419600000000000e+02	142	1.030000000000001e+00	1.000000000000000e+00
1.76845662233394e-06  	1.430100000000000e+02	143	1.049999999999983e+00	1.000000000000000e+00
1.81159739676419e-06  	1.440300000000000e+02	144	1.020000000000010e+00	1.000000000000000e+00
1.8540848059391e-06   	1.450300000000000e+02	145	1.000000000000000e+00	1.000000000000000e+00
1.89593807467858e-06  	1.460500000000000e+02	146	1.020000000000010e+00	1.000000000000000e+00
1.93717559545425e-06  	1.470800000000000e+02	147	1.030000000000001e+00	1.000000000000000e+00
1.9777981407751e-06   	1.480600000000000e+02	148	9.799999999999898e-01	1.000000000000000e+00
2.01782353965596e-06  	1.490900000000000e+02	149	1.030000000000001e+00	1.000000000000000e+00
2.05725298692371e-06  	1.501000000000000e+02	150	1.009999999999991e+00	1.000000000000000e+00
2.09607294214094e-06  	1.510800000000000e+02	151	9.800000000000182e-01	1.000000000000000e+00
2.13428680906438e-06  	1.520200000000000e+02	152	9.399999999999977e-01	1.000000000000000e+00
2.17189853588641e-06  	1.529500000000000e+02	153	9.299999999999784e-01	1.000000000000000e+00
2.20889857426165e-06  	1.538700000000000e+02	154	9.200000000000159e-01	1.000000000000000e+00
2.2453062814194e-06   	1.548300000000000e+02	155	9.600000000000080e-01	1.000000000000000e+00
2.2811138615361e-06   	1.557700000000000e+02	156	9.399999999999977e-01	1.000000000000000e+00
2.31634056886792e-06  	1.566800000000000e+02	156	9.099999999999966e-01	0.000000000000000e+00
2.3509924523128e-06   	1.576000000000000e+02	157	9.199999999999875e-01	1.000000000000000e+00
2.38507587554062e-06  	1.585700000000000e+02	158	9.699999999999989e-01	1.000000000000000e+00
2.41859748409984e-06  	1.594500000000000e+02	159	8.799999999999955e-01	1.000000000000000e+00
2.45157531529819e-06  	1.603200000000000e+02	160	8.700000000000045e-01	1.000000000000000e+00
2.48402655438159e-06  	1.612400000000000e+02	161	9.200000000000159e-01	1.000000000000000e+00
2.51596758728222e-06  	1.621000000000000e+02	162	8.599999999999852e-01	1.000000000000000e+00
2.54740390860202e-06  	1.629800000000000e+02	163	8.799999999999955e-01	1.000000000000000e+00
2.57836089592457e-06  	1.638600000000000e+02	164	8.800000000000239e-01	1.000000000000000e+00
2.60886234836793e-06  	1.647400000000000e+02	165	8.799999999999955e-01	1.000000000000000e+00
2.63891206686581e-06  	1.655800000000000e+02	165	8.400000000000034e-01	0.000000000000000e+00
2.66853211187133e-06  	1.664400000000000e+02	166	8.599999999999852e-01	1.000000000000000e+00
2.69774323668769e-06  	1.673200000000000e+02	167	8.799999999999955e-01	1.000000000000000e+00
2.72446728413711e-06  	1.681600000000000e+02	168	8.400000000000034e-01	1.000000000000000e+00
2.74920673803229e-06  	1.689500000000000e+02	169	7.899999999999920e-01	1.000000000000000e+00
2.77236720320542e-06  	1.697300000000000e+02	170	7.800000000000011e-01	1.000000000000000e+00
2.7942406863993e-06   	1.705000000000000e+02	170	7.700000000000102e-01	0.000000000000000e+00
2.81508687111163e-06  	1.712700000000000e+02	171	7.700000000000102e-01	1.000000000000000e+00
2.83500589409357e-06  	1.719700000000000e+02	172	6.999999999999886e-01	1.000000000000000e+00
2.85414039470521e-06  	1.726800000000000e+02	173	7.100000000000080e-01	1.000000000000000e+00
2.87258464372843e-06  	1.733800000000000e+02	173	6.999999999999886e-01	0.000000000000000e+00
2.89043894802186e-06  	1.741000000000000e+02	174	7.199999999999989e-01	1.000000000000000e+00
2.90778923586391e-06  	1.747900000000000e+02	175	6.899999999999977e-01	1.000000000000000e+00
2.92470130880663e-06  	1.754600000000000e+02	175	6.700000000000159e-01	0.000000000000000e+00
2.94122757688481e-06  	1.761400000000000e+02	176	6.799999999999784e-01	1.000000000000000e+00
2.95742293353809e-06  	1.767900000000000e+02	177	6.500000000000057e-01	1.000000000000000e+00
2.97333416112728e-06  	1.774500000000000e+02	177	6.599999999999966e-01	0.000000000000000e+00
2.98898109965959e-06  	1.781200000000000e+02	178	6.700000000000159e-01	1.000000000000000e+00
3.00421285015422e-06  	1.787600000000000e+02	179	6.399999999999864e-01	1.000000000000000e+00
3.01907354988608e-06  	1.794000000000000e+02	179	6.400000000000148e-01	0.000000000000000e+00
3.03360470458343e-06  	1.800200000000000e+02	180	6.200000000000045e-01	1.000000000000000e+00
3.04783725930168e-06  	1.806700000000000e+02	181	6.499999999999773e-01	1.000000000000000e+00
3.06179524414774e-06  	1.813000000000000e+02	181	6.300000000000239e-01	0.000000000000000e+00
3.0755064470835e-06   	1.819600000000000e+02	182	6.599999999999966e-01	1.000000000000000e+00
3.08899440889159e-06  	1.825700000000000e+02	182	6.099999999999852e-01	0.000000000000000e+00
3.10228080943876e-06  	1.832100000000000e+02	183	6.400000000000148e-01	1.000000000000000e+00
3.11538217763651e-06  	1.838500000000000e+02	184	6.399999999999864e-01	1.000000000000000e+00
3.12831046931284e-06  	1.844700000000000e+02	184	6.200000000000045e-01	0.000000000000000e+00
3.14108363512648e-06  	1.850700000000000e+02	185	5.999999999999943e-01	1.000000000000000e+00
3.15371850551063e-06  	1.856500000000000e+02	186	5.800000000000125e-01	1.000000000000000e+00
3.16622771262694e-06  	1.862400000000000e+02	186	5.900000000000034e-01	0.000000000000000e+00
3.17862799080435e-06  	1.868400000000000e+02	187	5.999999999999943e-01	1.000000000000000e+00
3.19093214279434e-06  	1.874400000000000e+02	187	5.999999999999943e-01	0.000000000000000e+00
3.20315242401842e-06  	1.880300000000000e+02	188	5.900000000000034e-01	1.000000000000000e+00
3.21529909832837e-06  	1.886300000000000e+02	189	5.999999999999943e-01	1.000000000000000e+00
3.22736250365078e-06  	1.892300000000000e+02	189	5.999999999999943e-01	0.000000000000000e+00
3.23931859921494e-06  	1.898200000000000e+02	190	5.900000000000034e-01	1.000000000000000e+00
3.25117362021479e-06  	1.904100000000000e+02	190	5.900000000000034e-01	0.000000000000000e+00
3.26293210664889e-06  	1.910100000000000e+02	191	5.999999999999943e-01	1.000000000000000e+00
3.27459982681454e-06  	1.916400000000000e+02	192	6.299999999999955e-01	1.000000000000000e+00
3.2861837070748e-06   	1.922700000000000e+02	192	6.300000000000239e-01	0.000000000000000e+00
3.29769177660037e-06  	1.928900000000000e+02	193	6.199999999999761e-01	1.000000000000000e+00
3.30912095852017e-06  	1.934700000000000e+02	193	5.800000000000125e-01	0.000000000000000e+00
3.32048165397799e-06  	1.940700000000000e+02	194	5.999999999999943e-01	1.000000000000000e+00
3.33178259124812e-06  	1.946700000000000e+02	195	5.999999999999943e-01	1.000000000000000e+00
3.34303223833398e-06  	1.952900000000000e+02	195	6.200000000000045e-01	0.000000000000000e+00
3.35423624526126e-06  	1.959100000000000e+02	196	6.200000000000045e-01	1.000000000000000e+00
3.36540271132189e-06  	1.965300000000000e+02	196	6.200000000000045e-01	0.000000000000000e+00
3.37654214616785e-06  	1.971100000000000e+02	197	5.800000000000125e-01	1.000000000000000e+00
3.38763044750522e-06  	1.976900000000000e+02	198	5.799999999999841e-01	1.000000000000000e+00
3.39864919403264e-06  	1.982700000000000e+02	198	5.800000000000125e-01	0.000000000000000e+00
3.40960421226875e-06  	1.988400000000000e+02	199	5.699999999999932e-01	1.000000000000000e+00
3.42049991399325e-06  	1.993800000000000e+02	199	5.399999999999920e-01	0.000000000000000e+00
3.43134423243992e-06  	1.999400000000000e+02	200	5.600000000000023e-01	1.000000000000000e+00
3.44214126461429e-06  	2.005200000000000e+02	200	5.800000000000125e-01	0.000000000000000e+00
3.45288902271039e-06  	2.011400000000000e+02	201	6.199999999999761e-01	1.000000000000000e+00
3.46359506739627e-06  	2.017400000000000e+02	202	6.000000000000227e-01	1.000000000000000e+00
3.4742679700975e-06   	2.022900000000000e+02	202	5.499999999999829e-01	0.000000000000000e+00
3.4849137991512e-06   	2.028700000000000e+02	203	5.800000000000125e-01	1.000000000000000e+00
3.49553970316979e-06  	2.034400000000000e+02	203	5.699999999999932e-01	0.000000000000000e+00
3.50612017244913e-06  	2.039900000000000e+02	204	5.500000000000114e-01	1.000000000000000e+00
3.51663836296881e-06  	2.045300000000000e+02	204	5.399999999999920e-01	0.000000000000000e+00
3.52710066633435e-06  	2.050800000000000e+02	205	5.500000000000114e-01	1.000000000000000e+00
3.53751103639302e-06  	2.056500000000000e+02	206	5.699999999999932e-01	1.000000000000000e+00
3.54787888774336e-06  	2.062000000000000e+02	206	5.499999999999829e-01	0.000000000000000e+00
3.55821452009573e-06  	2.067500000000000e+02	207	5.500000000000114e-01	1.000000000000000e+00
3.56851482827472e-06  	2.072900000000000e+02	207	5.399999999999920e-01	0.000000000000000e+00
3.57878770407867e-06  	2.078500000000000e+02	208	5.600000000000023e-01	1.000000000000000e+00
3.5890420072049e-06   	2.084000000000000e+02	208	5.500000000000114e-01	0.000000000000000e+00
3.59926694707051e-06  	2.089500000000000e+02	209	5.499999999999829e-01	1.000000000000000e+00
3.60943044027588e-06  	2.095100000000000e+02	209	5.600000000000023e-01	0.000000000000000e+00
3.61953533277611e-06  	2.100700000000000e+02	210	5.600000000000023e-01	1.000000000000000e+00
3.62959172516626e-06  	2.106300000000000e+02	211	5.600000000000023e-01	1.000000000000000e+00
3.63960839788997e-06  	2.111700000000000e+02	211	5.399999999999920e-01	0.000000000000000e+00
3.64959496557596e-06  	2.117200000000000e+02	212	5.500000000000114e-01	1.000000000000000e+00
3.65955469319995e-06  	2.122700000000000e+02	212	5.500000000000114e-01	0.000000000000000e+00
3.66949694761757e-06  	2.128200000000000e+02	213	5.499999999999829e-01	1.000000000000000e+00
3.67942485682631e-06  	2.133800000000000e+02	213	5.600000000000023e-01	0.000000000000000e+00
3.68929376821393e-06  	2.139700000000000e+02	214	5.900000000000034e-01	1.000000000000000e+00
3.69910737186502e-06  	2.145100000000000e+02	214	5.399999999999920e-01	0.000000000000000e+00
3.70887419667518e-06  	2.151000000000000e+02	215	5.900000000000034e-01	1.000000000000000e+00
3.71860450445643e-06  	2.156700000000000e+02	216	5.699999999999932e-01	1.000000000000000e+00
3.72830735596259e-06  	2.162200000000000e+02	216	5.500000000000114e-01	0.000000000000000e+00
3.73798679419344e-06  	2.167600000000000e+02	217	5.399999999999920e-01	1.000000000000000e+00
3.74765262542205e-06  	2.173000000000000e+02	217	5.400000000000205e-01	0.000000000000000e+00
3.75729618291876e-06  	2.178800000000000e+02	218	5.799999999999841e-01	1.000000000000000e+00
3.76688306446244e-06  	2.184500000000000e+02	218	5.699999999999932e-01	0.000000000000000e+00
3.77642148422015e-06  	2.190400000000000e+02	219	5.900000000000034e-01	1.000000000000000e+00
3.78591941912448e-06  	2.196200000000000e+02	220	5.800000000000125e-01	1.000000000000000e+00
3.79538558210962e-06  	2.201900000000000e+02	220	5.699999999999932e-01	0.000000000000000e+00
3.80482944334628e-06  	2.207700000000000e+02	221	5.800000000000125e-01	1.000000000000000e+00
3.81425387467347e-06  	2.213100000000000e+02	221	5.399999999999920e-01	0.000000000000000e+00
3.82367000253694e-06  	2.218700000000000e+02	222	5.600000000000023e-01	1.000000000000000e+00
3.83304026072064e-06  	2.224100000000000e+02	222	5.399999999999920e-01	0.000000000000000e+00
3.84236057083299e-06  	2.229500000000000e+02	223	5.399999999999920e-01	1.000000000000000e+00
3.85163771887247e-06  	2.234900000000000e+02	223	5.400000000000205e-01	0.000000000000000e+00
3.860881864847e-06    	2.240300000000000e+02	224	5.399999999999920e-01	1.000000000000000e+00
3.87010295808843e-06  	2.245900000000000e+02	225	5.600000000000023e-01	1.000000000000000e+00
3.87930375221572e-06  	2.251500000000000e+02	225	5.600000000000023e-01	0.000000000000000e+00
3.88849311132163e-06  	2.257200000000000e+02	226	5.699999999999932e-01	1.000000000000000e+00
3.89765444073624e-06  	2.263000000000000e+02	226	5.800000000000125e-01	0.000000000000000e+00
3.90676539499859e-06  	2.268700000000000e+02	227	5.699999999999932e-01	1.000000000000000e+00
3.91583592875402e-06  	2.274200000000000e+02	227	5.499999999999829e-01	0.000000000000000e+00
3.92487404032125e-06  	2.279500000000000e+02	228	5.300000000000011e-01	1.000000000000000e+00
3.93389094562014e-06  	2.284900000000000e+02	228	5.400000000000205e-01	0.000000000000000e+00
3.94288842703387e-06  	2.290400000000000e+02	229	5.499999999999829e-01	1.000000000000000e+00
3.95187580648493e-06  	2.295800000000000e+02	230	5.400000000000205e-01	1.000000000000000e+00
3.96083719146287e-06  	2.301500000000000e+02	230	5.699999999999932e-01	0.000000000000000e+00
3.96975116610632e-06  	2.306800000000000e+02	231	5.300000000000011e-01	1.000000000000000e+00
3.9786272404971e-06   	2.312200000000000e+02	231	5.399999999999920e-01	0.000000000000000e+00
3.98747469030448e-06  	2.317600000000000e+02	232	5.399999999999920e-01	1.000000000000000e+00
3.99630424017663e-06  	2.323100000000000e+02	232	5.500000000000114e-01	0.000000000000000e+00
4.00511838778586e-06  	2.328400000000000e+02	233	5.300000000000011e-01	1.000000000000000e+00
4.01392606570239e-06  	2.333800000000000e+02	233	5.399999999999920e-01	0.000000000000000e+00
4.02269752452852e-06  	2.339400000000000e+02	234	5.600000000000023e-01	1.000000000000000e+00
4.03142670165225e-06  	2.344700000000000e+02	234	5.300000000000011e-01	0.000000000000000e+00
4.04012344594752e-06  	2.350600000000000e+02	235	5.900000000000034e-01	1.000000000000000e+00
4.04879660904894e-06  	2.355900000000000e+02	236	5.300000000000011e-01	1.000000000000000e+00
4.05745568344574e-06  	2.361400000000000e+02	236	5.499999999999829e-01	0.000000000000000e+00
4.06610383058082e-06  	2.366800000000000e+02	237	5.400000000000205e-01	1.000000000000000e+00
4.07474107701725e-06  	2.372500000000000e+02	237	5.699999999999932e-01	0.000000000000000e+00
4.0833326810408e-06   	2.378300000000000e+02	238	5.800000000000125e-01	1.000000000000000e+00
4.09188750331327e-06  	2.383600000000000e+02	238	5.300000000000011e-01	0.000000000000000e+00
4.10041342672839e-06  	2.388900000000000e+02	239	5.299999999999727e-01	1.000000000000000e+00
4.10892195184358e-06  	2.394400000000000e+02	239	5.500000000000114e-01	0.000000000000000e+00
4.11741841454499e-06  	2.399700000000000e+02	240	5.300000000000011e-01	1.000000000000000e+00
4.1259111144197e-06   	2.405200000000000e+02	241	5.500000000000114e-01	1.000000000000000e+00
4.13436934899276e-06  	2.410800000000000e+02	241	5.600000000000023e-01	0.000000000000000e+00
4.14278969424098e-06  	2.416300000000000e+02	242	5.499999999999829e-01	1.000000000000000e+00
4.15118129104618e-06  	2.422100000000000e+02	242	5.800000000000125e-01	0.000000000000000e+00
4.15955309807814e-06  	2.427400000000000e+02	243	5.300000000000011e-01	1.000000000000000e+00
4.16790957614091e-06  	2.432700000000000e+02	243	5.300000000000011e-01	0.000000000000000e+00
4.17621679618459e-06  	2.438100000000000e+02	244	5.399999999999920e-01	1.000000000000000e+00
4.18447533132238e-06  	2.443500000000000e+02	244	5.399999999999920e-01	0.000000000000000e+00
4.1926871520859e-06   	2.448700000000000e+02	245	5.200000000000102e-01	1.000000000000000e+00
4.20085069271711e-06  	2.454200000000000e+02	245	5.499999999999829e-01	0.000000000000000e+00
4.2089692646923e-06   	2.459400000000000e+02	246	5.200000000000102e-01	1.000000000000000e+00
4.21704199608749e-06  	2.464600000000000e+02	246	5.200000000000102e-01	0.000000000000000e+00
4.22506805256511e-06  	2.470000000000000e+02	247	5.399999999999920e-01	1.000000000000000e+00
4.23303469138955e-06  	2.475400000000000e+02	248	5.399999999999920e-01	1.000000000000000e+00
4.24094343408578e-06  	2.480800000000000e+02	248	5.400000000000205e-01	0.000000000000000e+00
4.24879511140342e-06  	2.486100000000000e+02	249	5.300000000000011e-01	1.000000000000000e+00
4.25659053637196e-06  	2.491300000000000e+02	249	5.199999999999818e-01	0.000000000000000e+00
4.26433050480071e-06  	2.496500000000000e+02	250	5.200000000000102e-01	1.000000000000000e+00
4.27201641275633e-06  	2.502000000000000e+02	250	5.499999999999829e-01	0.000000000000000e+00
4.27964839741608e-06  	2.507600000000000e+02	251	5.600000000000023e-01	1.000000000000000e+00
4.28722780604721e-06  	2.513100000000000e+02	251	5.500000000000114e-01	0.000000000000000e+00
4.29475594606561e-06  	2.518500000000000e+02	252	5.399999999999920e-01	1.000000000000000e+00
4.30223350244142e-06  	2.523700000000000e+02	252	5.200000000000102e-01	0.000000000000000e+00
4.30966114653468e-06  	2.528900000000000e+02	253	5.199999999999818e-01	1.000000000000000e+00
4.31704010542221e-06  	2.534100000000000e+02	253	5.200000000000102e-01	0.000000000000000e+00
4.32437044786414e-06  	2.539400000000000e+02	254	5.300000000000011e-01	1.000000000000000e+00
4.33165391540008e-06  	2.545100000000000e+02	255	5.699999999999932e-01	1.000000000000000e+00
4.33889055277411e-06  	2.550200000000000e+02	255	5.100000000000193e-01	0.000000000000000e+00
4.34608095486725e-06  	2.555400000000000e+02	256	5.199999999999818e-01	1.000000000000000e+00
4.35322677281475e-06  	2.560900000000000e+02	256	5.499999999999829e-01	0.000000000000000e+00
4.36032749836985e-06  	2.566500000000000e+02	257	5.600000000000023e-01	1.000000000000000e+00
4.36738473512469e-06  	2.571700000000000e+02	257	5.200000000000387e-01	0.000000000000000e+00
4.37439849495343e-06  	2.577300000000000e+02	258	5.600000000000023e-01	1.000000000000000e+00
4.38136930713487e-06  	2.582500000000000e+02	258	5.199999999999818e-01	0.000000000000000e+00
4.38829819341696e-06  	2.588100000000000e+02	259	5.600000000000023e-01	1.000000000000000e+00
4.39518614830541e-06  	2.593500000000000e+02	259	5.400000000000205e-01	0.000000000000000e+00
4.40203315925232e-06  	2.598600000000000e+02	260	5.099999999999909e-01	1.000000000000000e+00
4.40884019192398e-06  	2.604100000000000e+02	261	5.500000000000114e-01	1.000000000000000e+00
4.41560818681269e-06  	2.609300000000000e+02	261	5.199999999999818e-01	0.000000000000000e+00
4.42233758640528e-06  	2.614600000000000e+02	262	5.299999999999727e-01	1.000000000000000e+00
4.42902929419871e-06  	2.620000000000000e+02	262	5.400000000000205e-01	0.000000000000000e+00
4.43568372747443e-06  	2.625500000000000e+02	263	5.500000000000114e-01	1.000000000000000e+00
4.44230129663671e-06  	2.631000000000000e+02	263	5.500000000000114e-01	0.000000000000000e+00
4.44888285863846e-06  	2.636400000000000e+02	264	5.399999999999636e-01	1.000000000000000e+00
4.4554292492346e-06   	2.641700000000000e+02	264	5.300000000000296e-01	0.000000000000000e+00
4.4619403962123e-06   	2.646900000000000e+02	265	5.199999999999818e-01	1.000000000000000e+00
4.46841711369612e-06  	2.652100000000000e+02	265	5.199999999999818e-01	0.000000000000000e+00
4.47485976158433e-06  	2.657500000000000e+02	266	5.400000000000205e-01	1.000000000000000e+00
4.48126955425952e-06  	2.662800000000000e+02	266	5.299999999999727e-01	0.000000000000000e+00
4.48764639720269e-06  	2.667900000000000e+02	267	5.100000000000477e-01	1.000000000000000e+00
4.49399104670467e-06  	2.673300000000000e+02	267	5.399999999999636e-01	0.000000000000000e+00
4.50030382408277e-06  	2.678800000000000e+02	268	5.500000000000114e-01	1.000000000000000e+00
4.5065858722459e-06   	2.684200000000000e+02	269	5.400000000000205e-01	1.000000000000000e+00
4.51283666848389e-06  	2.689400000000000e+02	269	5.199999999999818e-01	0.000000000000000e+00
4.51905692536172e-06  	2.694500000000000e+02	270	5.099999999999909e-01	1.000000000000000e+00
4.52524653660732e-06  	2.699600000000000e+02	270	5.099999999999909e-01	0.000000000000000e+00
4.53140659554424e-06  	2.704800000000000e+02	271	5.200000000000387e-01	1.000000000000000e+00
4.53753659383655e-06  	2.710200000000000e+02	271	5.399999999999636e-01	0.000000000000000e+00
4.54363760127607e-06  	2.715300000000000e+02	272	5.099999999999909e-01	1.000000000000000e+00
4.5497095027072e-06   	2.720300000000000e+02	272	5.000000000000000e-01	0.000000000000000e+00
4.55575257269753e-06  	2.725800000000000e+02	273	5.500000000000114e-01	1.000000000000000e+00
4.56176746099015e-06  	2.730700000000000e+02	273	4.900000000000091e-01	0.000000000000000e+00
4.56775405191594e-06  	2.735900000000000e+02	274	5.199999999999818e-01	1.000000000000000e+00
4.57371372505328e-06  	2.741100000000000e+02	274	5.200000000000387e-01	0.000000000000000e+00
4.57964671972344e-06  	2.746300000000000e+02	275	5.199999999999818e-01	1.000000000000000e+00
4.58555290648256e-06  	2.751300000000000e+02	275	5.000000000000000e-01	0.000000000000000e+00
4.59143252486397e-06  	2.756500000000000e+02	276	5.199999999999818e-01	1.000000000000000e+00
4.59728581121213e-06  	2.761700000000000e+02	276	5.200000000000387e-01	0.000000000000000e+00
4.60311299873894e-06  	2.766800000000000e+02	277	5.099999999999909e-01	1.000000000000000e+00
4.60891361207964e-06  	2.772000000000000e+02	277	5.199999999999818e-01	0.000000000000000e+00
4.61468824047046e-06  	2.777300000000000e+02	278	5.300000000000296e-01	1.000000000000000e+00
4.62043711413003e-06  	2.782400000000000e+02	278	5.099999999999909e-01	0.000000000000000e+00
4.62616046023779e-06  	2.787400000000000e+02	279	5.000000000000000e-01	1.000000000000000e+00
4.63185850298721e-06  	2.792300000000000e+02	279	4.900000000000091e-01	0.000000000000000e+00
4.63753146363779e-06  	2.797500000000000e+02	280	5.199999999999818e-01	1.000000000000000e+00
4.64317989510947e-06  	2.802500000000000e+02	280	5.000000000000000e-01	0.000000000000000e+00
4.648804007177e-06    	2.807500000000000e+02	281	5.000000000000000e-01	1.000000000000000e+00
4.65440433585037e-06  	2.812600000000000e+02	281	5.099999999999909e-01	0.000000000000000e+00
4.65998108005486e-06  	2.817800000000000e+02	282	5.199999999999818e-01	1.000000000000000e+00
4.66553443623612e-06  	2.822900000000000e+02	282	5.100000000000477e-01	0.000000000000000e+00
4.67106524006299e-06  	2.827900000000000e+02	283	5.000000000000000e-01	1.000000000000000e+00
4.67657367267365e-06  	2.832900000000000e+02	283	5.000000000000000e-01	0.000000000000000e+00
4.68205991303781e-06  	2.838100000000000e+02	284	5.199999999999818e-01	1.000000000000000e+00
4.68752445125296e-06  	2.843100000000000e+02	284	5.000000000000000e-01	0.000000000000000e+00
4.69296745710921e-06  	2.848200000000000e+02	285	5.099999999999909e-01	1.000000000000000e+00
4.69838909841662e-06  	2.853300000000000e+02	285	5.099999999999909e-01	0.000000000000000e+00
4.70378984707929e-06  	2.858500000000000e+02	286	5.200000000000387e-01	1.000000000000000e+00
4.7091701660807e-06   	2.863400000000000e+02	287	4.899999999999523e-01	1.000000000000000e+00
4.71453020825833e-06  	2.868500000000000e+02	287	5.100000000000477e-01	0.000000000000000e+00
4.7198701247452e-06   	2.873500000000000e+02	288	5.000000000000000e-01	1.000000000000000e+00
4.72519036204909e-06  	2.878500000000000e+02	288	5.000000000000000e-01	0.000000000000000e+00
4.73049106359788e-06  	2.883400000000000e+02	289	4.899999999999523e-01	1.000000000000000e+00
4.73577295686929e-06  	2.888500000000000e+02	289	5.100000000000477e-01	0.000000000000000e+00
4.74103588306359e-06  	2.893500000000000e+02	290	5.000000000000000e-01	1.000000000000000e+00
4.74628026558489e-06  	2.899100000000000e+02	290	5.600000000000023e-01	0.000000000000000e+00
4.75150623363967e-06  	2.904500000000000e+02	291	5.399999999999636e-01	1.000000000000000e+00
4.75671419983609e-06  	2.909900000000000e+02	291	5.400000000000205e-01	0.000000000000000e+00
4.76190428679594e-06  	2.915600000000000e+02	292	5.699999999999932e-01	1.000000000000000e+00
4.76707661589566e-06  	2.920800000000000e+02	292	5.199999999999818e-01	0.000000000000000e+00
4.77223130728316e-06  	2.925900000000000e+02	293	5.099999999999909e-01	1.000000000000000e+00
4.77736847989431e-06  	2.931300000000000e+02	293	5.400000000000205e-01	0.000000000000000e+00
4.78248825146913e-06  	2.936400000000000e+02	294	5.099999999999909e-01	1.000000000000000e+00
4.78759073856781e-06  	2.941400000000000e+02	294	5.000000000000000e-01	0.000000000000000e+00
4.79267605658637e-06  	2.946500000000000e+02	295	5.099999999999909e-01	1.000000000000000e+00
4.79774431977207e-06  	2.951900000000000e+02	295	5.400000000000205e-01	0.000000000000000e+00
4.80279564123863e-06  	2.957300000000000e+02	296	5.400000000000205e-01	1.000000000000000e+00
4.80783013298112e-06  	2.962400000000000e+02	296	5.099999999999909e-01	0.000000000000000e+00
4.81284764140759e-06  	2.967800000000000e+02	297	5.399999999999636e-01	1.000000000000000e+00
4.81784854255073e-06  	2.972900000000000e+02	297	5.100000000000477e-01	0.000000000000000e+00
4.82283242313809e-06  	2.978300000000000e+02	298	5.399999999999636e-01	1.000000000000000e+00
4.82779913855723e-06  	2.983600000000000e+02	299	5.300000000000296e-01	1.000000000000000e+00
4.83274906318725e-06  	2.988600000000000e+02	299	5.000000000000000e-01	0.000000000000000e+00
4.83768230930911e-06  	2.993600000000000e+02	300	5.000000000000000e-01	1.000000000000000e+00
4.84259898808414e-06  	2.998700000000000e+02	300	5.099999999999909e-01	0.000000000000000e+00
4.84749920956887e-06  	3.003700000000000e+02	301	5.000000000000000e-01	1.000000000000000e+00
4.85238308272959e-06  	3.008700000000000e+02	301	5.000000000000000e-01	0.000000000000000e+00
4.85725121355166e-06  	3.013800000000000e+02	302	5.099999999999909e-01	1.000000000000000e+00
4.86210345492184e-06  	3.019000000000000e+02	302	5.199999999999818e-01	0.000000000000000e+00
4.86694015530542e-06  	3.024100000000000e+02	303	5.100000000000477e-01	1.000000000000000e+00
4.87176141315281e-06  	3.029400000000000e+02	303	5.299999999999727e-01	0.000000000000000e+00
4.87656732598432e-06  	3.034700000000000e+02	304	5.300000000000296e-01	1.000000000000000e+00
4.88135823168434e-06  	3.039600000000000e+02	304	4.899999999999523e-01	0.000000000000000e+00
4.88613422293601e-06  	3.044700000000000e+02	305	5.100000000000477e-01	1.000000000000000e+00
4.89089562991324e-06  	3.049600000000000e+02	305	4.899999999999523e-01	0.000000000000000e+00
4.89564254069234e-06  	3.054600000000000e+02	306	5.000000000000000e-01	1.000000000000000e+00
4.9003752780628e-06   	3.059400000000000e+02	306	4.800000000000182e-01	0.000000000000000e+00
4.905093925712e-06    	3.064200000000000e+02	307	4.800000000000182e-01	1.000000000000000e+00
4.90979856659036e-06  	3.069100000000000e+02	307	4.900000000000091e-01	0.000000000000000e+00
4.91448928291994e-06  	3.073900000000000e+02	308	4.799999999999613e-01	1.000000000000000e+00
4.91916638625084e-06  	3.078700000000000e+02	308	4.800000000000182e-01	0.000000000000000e+00
4.92382995470354e-06  	3.083500000000000e+02	309	4.800000000000182e-01	1.000000000000000e+00
4.92848029317482e-06  	3.088500000000000e+02	309	5.000000000000000e-01	0.000000000000000e+00
4.93311724970347e-06  	3.093300000000000e+02	310	4.799999999999613e-01	1.000000000000000e+00
4.93774112532362e-06  	3.098100000000000e+02	310	4.800000000000182e-01	0.000000000000000e+00
4.94235176936643e-06  	3.103000000000000e+02	311	4.900000000000091e-01	1.000000000000000e+00
4.94694947907529e-06  	3.107900000000000e+02	311	4.900000000000091e-01	0.000000000000000e+00
4.95153432619669e-06  	3.112800000000000e+02	311	4.899999999999523e-01	0.000000000000000e+00
4.95610638188354e-06  	3.117800000000000e+02	312	5.000000000000000e-01	1.000000000000000e+00
4.96066571670164e-06  	3.122800000000000e+02	312	5.000000000000000e-01	0.000000000000000e+00
4.96521240063616e-06  	3.128000000000000e+02	313	5.200000000000387e-01	1.000000000000000e+00
4.9697462867866e-06   	3.133100000000000e+02	314	5.099999999999909e-01	1.000000000000000e+00
4.97426766149938e-06  	3.138100000000000e+02	314	5.000000000000000e-01	0.000000000000000e+00
4.97877680700277e-06  	3.143000000000000e+02	315	4.900000000000091e-01	1.000000000000000e+00
4.98327357588228e-06  	3.148100000000000e+02	315	5.099999999999909e-01	0.000000000000000e+00
4.98775803531329e-06  	3.153100000000000e+02	316	5.000000000000000e-01	1.000000000000000e+00
4.99183869020886e-06  	3.158000000000000e+02	316	4.900000000000091e-01	0.000000000000000e+00
4.99591934510443e-06  	3.163100000000000e+02	317	5.099999999999909e-01	1.000000000000000e+00
5e-06                 	3.168300000000000e+02	317	5.199999999999818e-01	0.000000000000000e+00
5.00443925233645e-06  	3.237900000000000e+02	324	6.960000000000036e+00	7.000000000000000e+00
5.00886691771737e-06  	3.242900000000000e+02	325	5.000000000000000e-01	1.000000000000000e+00
5.01328305593598e-06  	3.247800000000000e+02	325	4.899999999999523e-01	0.000000000000000e+00
5.01768772632522e-06  	3.252900000000000e+02	326	5.100000000000477e-01	1.000000000000000e+00
5.02208098776249e-06  	3.258100000000000e+02	326	5.199999999999818e-01	0.000000000000000e+00
5.02646310084786e-06  	3.263200000000000e+02	327	5.099999999999909e-01	1.000000000000000e+00
5.030834322687e-06    	3.268300000000000e+02	327	5.099999999999909e-01	0.000000000000000e+00
5.03519470678605e-06  	3.273700000000000e+02	328	5.400000000000205e-01	1.000000000000000e+00
5.03954450548948e-06  	3.278700000000000e+02	328	5.000000000000000e-01	0.000000000000000e+00
5.04388376958629e-06  	3.283700000000000e+02	329	5.000000000000000e-01	1.000000000000000e+00
5.04821254950197e-06  	3.289000000000000e+02	329	5.299999999999727e-01	0.000000000000000e+00
5.05253109170648e-06  	3.294200000000000e+02	330	5.200000000000387e-01	1.000000000000000e+00
5.05683944404826e-06  	3.299300000000000e+02	330	5.099999999999909e-01	0.000000000000000e+00
5.061137848637e-06    	3.304300000000000e+02	331	5.000000000000000e-01	1.000000000000000e+00
5.06542635085722e-06  	3.309300000000000e+02	331	5.000000000000000e-01	0.000000000000000e+00
5.06970538149137e-06  	3.314200000000000e+02	332	4.900000000000091e-01	1.000000000000000e+00
5.073974405848e-06    	3.319100000000000e+02	332	4.900000000000091e-01	0.000000000000000e+00
5.07823385238817e-06  	3.324100000000000e+02	333	5.000000000000000e-01	1.000000000000000e+00
5.08248357329378e-06  	3.329000000000000e+02	333	4.899999999999523e-01	0.000000000000000e+00
5.08672380185874e-06  	3.334000000000000e+02	334	5.000000000000000e-01	1.000000000000000e+00
5.09095439139287e-06  	3.338800000000000e+02	334	4.800000000000182e-01	0.000000000000000e+00
5.09517538519356e-06  	3.343600000000000e+02	335	4.800000000000182e-01	1.000000000000000e+00
5.09938720007018e-06  	3.348400000000000e+02	335	4.799999999999613e-01	0.000000000000000e+00
5.10358968934482e-06  	3.353300000000000e+02	336	4.900000000000091e-01	1.000000000000000e+00
5.10778307910667e-06  	3.358200000000000e+02	336	4.900000000000091e-01	0.000000000000000e+00
5.11196703928837e-06  	3.363000000000000e+02	337	4.800000000000182e-01	1.000000000000000e+00
5.11614216284012e-06  	3.367900000000000e+02	337	4.900000000000091e-01	0.000000000000000e+00
5.12030793786919e-06  	3.372900000000000e+02	338	5.000000000000000e-01	1.000000000000000e+00
5.12446476994201e-06  	3.378000000000000e+02	338	5.099999999999909e-01	0.000000000000000e+00
5.12861251564587e-06  	3.382700000000000e+02	339	4.699999999999704e-01	1.000000000000000e+00
5.13275121422304e-06  	3.387500000000000e+02	339	4.800000000000182e-01	0.000000000000000e+00
5.13688144404522e-06  	3.392300000000000e+02	339	4.800000000000182e-01	0.000000000000000e+00
5.14100252309105e-06  	3.397400000000000e+02	340	5.099999999999909e-01	1.000000000000000e+00
5.1451152045338e-06   	3.402300000000000e+02	340	4.900000000000091e-01	0.000000000000000e+00
5.14921934458206e-06  	3.407100000000000e+02	341	4.799999999999613e-01	1.000000000000000e+00
5.15331480143247e-06  	3.411900000000000e+02	341	4.800000000000182e-01	0.000000000000000e+00
5.15740196359736e-06  	3.416800000000000e+02	342	4.900000000000091e-01	1.000000000000000e+00
5.16148086425263e-06  	3.421800000000000e+02	342	5.000000000000000e-01	0.000000000000000e+00
5.16555153637624e-06  	3.426800000000000e+02	343	5.000000000000000e-01	1.000000000000000e+00
5.1696141867838e-06   	3.431600000000000e+02	343	4.800000000000182e-01	0.000000000000000e+00
5.17366884668688e-06  	3.436400000000000e+02	344	4.799999999999613e-01	1.000000000000000e+00
5.1777155471159e-06   	3.441300000000000e+02	344	4.900000000000091e-01	0.000000000000000e+00
5.18175431892154e-06  	3.446100000000000e+02	345	4.800000000000182e-01	1.000000000000000e+00
5.18578536414223e-06  	3.450900000000000e+02	345	4.799999999999613e-01	0.000000000000000e+00
5.1898087119584e-06   	3.455700000000000e+02	346	4.800000000000182e-01	1.000000000000000e+00
5.19382439138611e-06  	3.460600000000000e+02	346	4.900000000000091e-01	0.000000000000000e+00
5.19783243127824e-06  	3.465400000000000e+02	347	4.800000000000182e-01	1.000000000000000e+00
5.20183302914163e-06  	3.470200000000000e+02	347	4.799999999999613e-01	0.000000000000000e+00
5.20582604405132e-06  	3.475000000000000e+02	348	4.800000000000182e-01	1.000000000000000e+00
5.20981167195058e-06  	3.479800000000000e+02	348	4.800000000000182e-01	0.000000000000000e+00
5.21378993981174e-06  	3.484800000000000e+02	349	5.000000000000000e-01	1.000000000000000e+00
5.21776087446026e-06  	3.489600000000000e+02	349	4.799999999999613e-01	0.000000000000000e+00
5.22172450257575e-06  	3.494500000000000e+02	350	4.900000000000091e-01	1.000000000000000e+00
5.22568101585053e-06  	3.499300000000000e+02	350	4.800000000000182e-01	0.000000000000000e+00
5.22963027491312e-06  	3.504800000000000e+02	351	5.500000000000114e-01	1.000000000000000e+00
5.2335724699932e-06   	3.509800000000000e+02	351	5.000000000000000e-01	0.000000000000000e+00
5.23750762602385e-06  	3.514600000000000e+02	352	4.799999999999613e-01	1.000000000000000e+00
5.24143560498236e-06  	3.519600000000000e+02	352	5.000000000000000e-01	0.000000000000000e+00
5.245356757196e-06    	3.524500000000000e+02	353	4.900000000000091e-01	1.000000000000000e+00
5.24927094437556e-06  	3.529300000000000e+02	353	4.800000000000182e-01	0.000000000000000e+00
5.25317819093456e-06  	3.534200000000000e+02	354	4.900000000000091e-01	1.000000000000000e+00
5.25707868172576e-06  	3.539100000000000e+02	354	4.900000000000091e-01	0.000000000000000e+00
5.26097227977443e-06  	3.543900000000000e+02	355	4.799999999999613e-01	1.000000000000000e+00
5.2648591685789e-06   	3.548800000000000e+02	355	4.900000000000091e-01	0.000000000000000e+00
5.26873937094759e-06  	3.553700000000000e+02	356	4.900000000000091e-01	1.000000000000000e+00
5.27261306796779e-06  	3.558700000000000e+02	356	5.000000000000000e-01	0.000000000000000e+00
5.27648012328017e-06  	3.563700000000000e+02	357	5.000000000000000e-01	1.000000000000000e+00
5.2803407166889e-06   	3.568700000000000e+02	357	5.000000000000000e-01	0.000000000000000e+00
5.28419486949177e-06  	3.573600000000000e+02	358	4.900000000000091e-01	1.000000000000000e+00
5.28804260288186e-06  	3.578700000000000e+02	358	5.099999999999909e-01	0.000000000000000e+00
5.29188393794826e-06  	3.583800000000000e+02	359	5.099999999999909e-01	1.000000000000000e+00
5.29571842987352e-06  	3.588600000000000e+02	359	4.800000000000182e-01	0.000000000000000e+00
5.2995459480229e-06   	3.593400000000000e+02	360	4.799999999999613e-01	1.000000000000000e+00
5.30336667157862e-06  	3.598200000000000e+02	360	4.800000000000182e-01	0.000000000000000e+00
5.3071806243487e-06   	3.603600000000000e+02	361	5.400000000000205e-01	1.000000000000000e+00
5.31098813618528e-06  	3.608700000000000e+02	361	5.099999999999909e-01	0.000000000000000e+00
5.31478877084306e-06  	3.613600000000000e+02	362	4.900000000000091e-01	1.000000000000000e+00
5.31858300892076e-06  	3.618600000000000e+02	362	5.000000000000000e-01	0.000000000000000e+00
5.32237056860518e-06  	3.623500000000000e+02	363	4.900000000000091e-01	1.000000000000000e+00
5.3261517751003e-06   	3.628400000000000e+02	363	4.899999999999523e-01	0.000000000000000e+00
5.32992649892411e-06  	3.633400000000000e+02	364	5.000000000000000e-01	1.000000000000000e+00
5.33369476200977e-06  	3.638400000000000e+02	364	5.000000000000000e-01	0.000000000000000e+00
5.33745658617977e-06  	3.643700000000000e+02	365	5.300000000000296e-01	1.000000000000000e+00
5.34121214213525e-06  	3.648700000000000e+02	365	5.000000000000000e-01	0.000000000000000e+00
5.34496145048309e-06  	3.653600000000000e+02	366	4.900000000000091e-01	1.000000000000000e+00
5.34870438371689e-06  	3.658500000000000e+02	366	4.900000000000091e-01	0.000000000000000e+00
5.35244111074477e-06  	3.663500000000000e+02	367	5.000000000000000e-01	1.000000000000000e+00
5.35617179891541e-06  	3.668900000000000e+02	367	5.399999999999636e-01	0.000000000000000e+00
5.359896320902e-06    	3.674100000000000e+02	368	5.200000000000387e-01	1.000000000000000e+00
5.3636148429121e-06   	3.679100000000000e+02	368	5.000000000000000e-01	0.000000000000000e+00
5.3673273840112e-06   	3.684200000000000e+02	369	5.099999999999909e-01	1.000000000000000e+00
5.37103396317441e-06  	3.689300000000000e+02	369	5.099999999999909e-01	0.000000000000000e+00
5.37473459928707e-06  	3.694200000000000e+02	370	4.900000000000091e-01	1.000000000000000e+00
5.37842945541361e-06  	3.699700000000000e+02	370	5.500000000000114e-01	0.000000000000000e+00
5.38211840553231e-06  	3.704800000000000e+02	371	5.099999999999909e-01	1.000000000000000e+00
5.38580161163587e-06  	3.709800000000000e+02	371	5.000000000000000e-01	0.000000000000000e+00
5.38947909136179e-06  	3.714500000000000e+02	372	4.699999999999704e-01	1.000000000000000e+00
5.39315086226677e-06  	3.719300000000000e+02	372	4.800000000000182e-01	0.000000000000000e+00
5.39681694182725e-06  	3.724300000000000e+02	373	5.000000000000000e-01	1.000000000000000e+00
5.40047748907451e-06  	3.729500000000000e+02	373	5.199999999999818e-01	0.000000000000000e+00
5.40413237925381e-06  	3.734400000000000e+02	374	4.900000000000091e-01	1.000000000000000e+00
5.40778177038921e-06  	3.739500000000000e+02	374	5.099999999999909e-01	0.000000000000000e+00
5.41142567879206e-06  	3.744600000000000e+02	375	5.099999999999909e-01	1.000000000000000e+00
5.41506412070156e-06  	3.749500000000000e+02	375	4.900000000000091e-01	0.000000000000000e+00
5.41869711228517e-06  	3.754500000000000e+02	376	5.000000000000000e-01	1.000000000000000e+00
5.42232480877519e-06  	3.759600000000000e+02	376	5.099999999999909e-01	0.000000000000000e+00
5.4259470866454e-06   	3.764500000000000e+02	377	4.900000000000091e-01	1.000000000000000e+00
5.42956410018092e-06  	3.769500000000000e+02	377	5.000000000000000e-01	0.000000000000000e+00
5.43317586446063e-06  	3.774800000000000e+02	378	5.300000000000296e-01	1.000000000000000e+00
5.43678239449898e-06  	3.780000000000000e+02	378	5.199999999999818e-01	0.000000000000000e+00
5.4403838424026e-06   	3.785200000000000e+02	379	5.199999999999818e-01	1.000000000000000e+00
5.44398008550588e-06  	3.790300000000000e+02	379	5.099999999999909e-01	0.000000000000000e+00
5.4475712750203e-06   	3.795300000000000e+02	380	5.000000000000000e-01	1.000000000000000e+00
5.4511574249378e-06   	3.800300000000000e+02	380	5.000000000000000e-01	0.000000000000000e+00
5.4547385491926e-06   	3.805100000000000e+02	381	4.800000000000182e-01	1.000000000000000e+00
5.45831466166142e-06  	3.810100000000000e+02	381	5.000000000000000e-01	0.000000000000000e+00
5.46188591106037e-06  	3.815000000000000e+02	382	4.900000000000091e-01	1.000000000000000e+00
5.46545231041486e-06  	3.819900000000000e+02	382	4.900000000000091e-01	0.000000000000000e+00
5.46901373852252e-06  	3.824800000000000e+02	383	4.900000000000091e-01	1.000000000000000e+00
5.47257034284403e-06  	3.829800000000000e+02	383	5.000000000000000e-01	0.000000000000000e+00
5.47612226970899e-06  	3.834700000000000e+02	384	4.900000000000091e-01	1.000000000000000e+00
5.47966939811376e-06  	3.839400000000000e+02	384	4.699999999999704e-01	0.000000000000000e+00
5.48321174082642e-06  	3.844400000000000e+02	385	5.000000000000000e-01	1.000000000000000e+00
5.48674931056439e-06  	3.849200000000000e+02	385	4.800000000000182e-01	0.000000000000000e+00
5.49028211999471e-06  	3.854300000000000e+02	386	5.099999999999909e-01	1.000000000000000e+00
5.4938101817343e-06   	3.859600000000000e+02	386	5.299999999999727e-01	0.000000000000000e+00
5.4973335083502e-06   	3.864900000000000e+02	387	5.300000000000296e-01	1.000000000000000e+00
5.50085224337241e-06  	3.870000000000000e+02	387	5.099999999999909e-01	0.000000000000000e+00
5.50436626790598e-06  	3.875100000000000e+02	388	5.099999999999909e-01	1.000000000000000e+00
5.50787572470358e-06  	3.880600000000000e+02	388	5.500000000000114e-01	0.000000000000000e+00
5.51138062545563e-06  	3.885600000000000e+02	389	5.000000000000000e-01	1.000000000000000e+00
5.51488098180795e-06  	3.890500000000000e+02	389	4.900000000000091e-01	0.000000000000000e+00
5.51837693470757e-06  	3.895500000000000e+02	390	5.000000000000000e-01	1.000000000000000e+00
5.52186836603182e-06  	3.900400000000000e+02	390	4.900000000000091e-01	0.000000000000000e+00
5.52535541599247e-06  	3.905400000000000e+02	391	5.000000000000000e-01	1.000000000000000e+00
5.5288379670314e-06   	3.910300000000000e+02	391	4.899999999999523e-01	0.000000000000000e+00
5.53231615863086e-06  	3.915100000000000e+02	392	4.800000000000182e-01	1.000000000000000e+00
5.53579012927924e-06  	3.920000000000000e+02	392	4.900000000000091e-01	0.000000000000000e+00
5.53925976161123e-06  	3.925000000000000e+02	393	5.000000000000000e-01	1.000000000000000e+00
5.54272506628999e-06  	3.930000000000000e+02	393	5.000000000000000e-01	0.000000000000000e+00
5.54618618075753e-06  	3.934600000000000e+02	394	4.599999999999795e-01	1.000000000000000e+00
5.54964298846575e-06  	3.939500000000000e+02	394	4.900000000000091e-01	0.000000000000000e+00
5.55309562616905e-06  	3.944400000000000e+02	395	4.900000000000091e-01	1.000000000000000e+00
5.55654410376412e-06  	3.949200000000000e+02	395	4.800000000000182e-01	0.000000000000000e+00
5.55998843111263e-06  	3.954100000000000e+02	396	4.900000000000091e-01	1.000000000000000e+00
5.56342861804142e-06  	3.959000000000000e+02	396	4.899999999999523e-01	0.000000000000000e+00
5.5668647993674e-06   	3.964000000000000e+02	397	5.000000000000000e-01	1.000000000000000e+00
5.5702968595237e-06   	3.969000000000000e+02	397	5.000000000000000e-01	0.000000000000000e+00
5.57372493267917e-06  	3.974000000000000e+02	398	5.000000000000000e-01	1.000000000000000e+00
5.57714902794215e-06  	3.979000000000000e+02	398	5.000000000000000e-01	0.000000000000000e+00
5.58056915438999e-06  	3.984000000000000e+02	399	5.000000000000000e-01	1.000000000000000e+00
5.58398532106916e-06  	3.989000000000000e+02	399	5.000000000000000e-01	0.000000000000000e+00
5.5873975369954e-06   	3.994000000000000e+02	400	5.000000000000000e-01	1.000000000000000e+00
5.59080581115384e-06  	3.999300000000000e+02	400	5.300000000000296e-01	0.000000000000000e+00
5.5942102752622e-06   	4.004600000000000e+02	401	5.299999999999727e-01	1.000000000000000e+00
5.59761081519897e-06  	4.010000000000000e+02	401	5.400000000000205e-01	0.000000000000000e+00
5.60100756207522e-06  	4.015000000000000e+02	402	5.000000000000000e-01	1.000000000000000e+00
5.60440052420728e-06  	4.019900000000000e+02	402	4.900000000000091e-01	0.000000000000000e+00
5.6077895882031e-06   	4.024700000000000e+02	403	4.800000000000182e-01	1.000000000000000e+00
5.6111748842764e-06   	4.029500000000000e+02	403	4.799999999999613e-01	0.000000000000000e+00
5.61455654181136e-06  	4.034400000000000e+02	404	4.900000000000091e-01	1.000000000000000e+00
5.61793444759685e-06  	4.039400000000000e+02	404	5.000000000000000e-01	0.000000000000000e+00
5.62130873044524e-06  	4.044200000000000e+02	405	4.800000000000182e-01	1.000000000000000e+00
5.6246792776139e-06   	4.049100000000000e+02	405	4.900000000000091e-01	0.000000000000000e+00
5.62804621734713e-06  	4.054300000000000e+02	406	5.199999999999818e-01	1.000000000000000e+00
5.63140955723033e-06  	4.059400000000000e+02	406	5.099999999999909e-01	0.000000000000000e+00
5.63476930482513e-06  	4.064600000000000e+02	407	5.199999999999818e-01	1.000000000000000e+00
5.63812558703793e-06  	4.069900000000000e+02	407	5.300000000000296e-01	0.000000000000000e+00
5.64147829176037e-06  	4.075400000000000e+02	408	5.500000000000114e-01	1.000000000000000e+00
5.64482754536162e-06  	4.080600000000000e+02	409	5.199999999999818e-01	1.000000000000000e+00
5.64817323617982e-06  	4.085500000000000e+02	409	4.900000000000091e-01	0.000000000000000e+00
5.6515154900503e-06   	4.090400000000000e+02	410	4.900000000000091e-01	1.000000000000000e+00
5.65485431390585e-06  	4.095300000000000e+02	410	4.899999999999523e-01	0.000000000000000e+00
5.65818971465838e-06  	4.100300000000000e+02	411	5.000000000000000e-01	1.000000000000000e+00
5.66152169919908e-06  	4.105300000000000e+02	411	5.000000000000000e-01	0.000000000000000e+00
5.6648503918458e-06   	4.110400000000000e+02	412	5.100000000000477e-01	1.000000000000000e+00
5.66817568176113e-06  	4.115300000000000e+02	412	4.899999999999523e-01	0.000000000000000e+00
5.6714976927598e-06   	4.120100000000000e+02	413	4.800000000000182e-01	1.000000000000000e+00
5.67481631442837e-06  	4.125200000000000e+02	413	5.099999999999909e-01	0.000000000000000e+00
5.67813167008144e-06  	4.130300000000000e+02	414	5.099999999999909e-01	1.000000000000000e+00
5.68144376602673e-06  	4.135100000000000e+02	414	4.800000000000182e-01	0.000000000000000e+00
5.68475260855379e-06  	4.140000000000000e+02	415	4.900000000000091e-01	1.000000000000000e+00
5.6880583197939e-06   	4.144800000000000e+02	415	4.800000000000182e-01	0.000000000000000e+00
5.69136078991366e-06  	4.149600000000000e+02	416	4.799999999999613e-01	1.000000000000000e+00
5.69466002514928e-06  	4.154500000000000e+02	416	4.900000000000091e-01	0.000000000000000e+00
5.69795614691975e-06  	4.159500000000000e+02	416	5.000000000000000e-01	0.000000000000000e+00
5.70124916098732e-06  	4.164400000000000e+02	417	4.900000000000091e-01	1.000000000000000e+00
5.70453895832332e-06  	4.169300000000000e+02	417	4.900000000000091e-01	0.000000000000000e+00
5.70782531600783e-06  	4.174200000000000e+02	418	4.900000000000091e-01	1.000000000000000e+00
5.71110801252238e-06  	4.179000000000000e+02	418	4.799999999999613e-01	0.000000000000000e+00
5.71438716992613e-06  	4.184100000000000e+02	419	5.100000000000477e-01	1.000000000000000e+00
5.71766290952346e-06  	4.189000000000000e+02	419	4.899999999999523e-01	0.000000000000000e+00
5.72093512474196e-06  	4.194200000000000e+02	420	5.200000000000387e-01	1.000000000000000e+00
5.72420382303531e-06  	4.199000000000000e+02	420	4.799999999999613e-01	0.000000000000000e+00
5.72746912492562e-06  	4.203800000000000e+02	421	4.800000000000182e-01	1.000000000000000e+00
5.73073092448534e-06  	4.208700000000000e+02	421	4.900000000000091e-01	0.000000000000000e+00
5.73398934172206e-06  	4.213400000000000e+02	422	4.699999999999704e-01	1.000000000000000e+00
5.73724438352656e-06  	4.218500000000000e+02	422	5.100000000000477e-01	0.000000000000000e+00
5.7404960567687e-06   	4.223500000000000e+02	423	5.000000000000000e-01	1.000000000000000e+00
5.74374436829752e-06  	4.228300000000000e+02	423	4.799999999999613e-01	0.000000000000000e+00
5.7469893249413e-06   	4.233400000000000e+02	424	5.099999999999909e-01	1.000000000000000e+00
5.75023093350764e-06  	4.238500000000000e+02	424	5.100000000000477e-01	0.000000000000000e+00
5.75346920078359e-06  	4.243300000000000e+02	425	4.799999999999613e-01	1.000000000000000e+00
5.75670424457583e-06  	4.248300000000000e+02	425	5.000000000000000e-01	0.000000000000000e+00
5.75993596036197e-06  	4.253300000000000e+02	426	5.000000000000000e-01	1.000000000000000e+00
5.76316446546781e-06  	4.258200000000000e+02	426	4.900000000000091e-01	0.000000000000000e+00
5.76638976615693e-06  	4.263100000000000e+02	427	4.900000000000091e-01	1.000000000000000e+00
5.76961186867467e-06  	4.268100000000000e+02	427	5.000000000000000e-01	0.000000000000000e+00
5.77283066929401e-06  	4.272800000000000e+02	428	4.699999999999704e-01	1.000000000000000e+00
5.77604639413637e-06  	4.277800000000000e+02	428	5.000000000000000e-01	0.000000000000000e+00
5.7792589394349e-06   	4.282800000000000e+02	429	5.000000000000000e-01	1.000000000000000e+00
5.78246831136284e-06  	4.287700000000000e+02	429	4.900000000000091e-01	0.000000000000000e+00
5.78567451607558e-06  	4.292600000000000e+02	430	4.900000000000091e-01	1.000000000000000e+00
5.78887755971072e-06  	4.297600000000000e+02	430	5.000000000000000e-01	0.000000000000000e+00
5.79207755707631e-06  	4.302800000000000e+02	431	5.199999999999818e-01	1.000000000000000e+00
5.795274513858e-06    	4.307800000000000e+02	431	5.000000000000000e-01	0.000000000000000e+00
5.79846832744242e-06  	4.312500000000000e+02	432	4.700000000000273e-01	1.000000000000000e+00
5.8016591119722e-06   	4.317400000000000e+02	432	4.900000000000091e-01	0.000000000000000e+00
5.80484687308516e-06  	4.322400000000000e+02	433	5.000000000000000e-01	1.000000000000000e+00
5.80803161640352e-06  	4.327500000000000e+02	433	5.099999999999909e-01	0.000000000000000e+00
5.81121334753389e-06  	4.332300000000000e+02	434	4.800000000000182e-01	1.000000000000000e+00
5.8143920720674e-06   	4.337100000000000e+02	434	4.799999999999613e-01	0.000000000000000e+00
5.81756790266146e-06  	4.342000000000000e+02	435	4.900000000000091e-01	1.000000000000000e+00
5.82074073759264e-06  	4.346800000000000e+02	435	4.800000000000182e-01	0.000000000000000e+00
5.82391058240643e-06  	4.351700000000000e+02	436	4.900000000000091e-01	1.000000000000000e+00
5.82707754912861e-06  	4.356500000000000e+02	436	4.799999999999613e-01	0.000000000000000e+00
5.83024164288431e-06  	4.361400000000000e+02	437	4.900000000000091e-01	1.000000000000000e+00
5.83340276266804e-06  	4.366600000000000e+02	437	5.200000000000387e-01	0.000000000000000e+00
5.83656101988689e-06  	4.371900000000000e+02	438	5.299999999999727e-01	1.000000000000000e+00
5.83971652536526e-06  	4.377100000000000e+02	438	5.199999999999818e-01	0.000000000000000e+00
5.84286907268931e-06  	4.382000000000000e+02	439	4.900000000000091e-01	1.000000000000000e+00
5.84601887802592e-06  	4.387000000000000e+02	439	5.000000000000000e-01	0.000000000000000e+00
5.84916584086298e-06  	4.391900000000000e+02	440	4.900000000000091e-01	1.000000000000000e+00
5.85230996623146e-06  	4.396900000000000e+02	440	5.000000000000000e-01	0.000000000000000e+00
5.85545125914907e-06  	4.401700000000000e+02	441	4.800000000000182e-01	1.000000000000000e+00
5.85858982924978e-06  	4.406700000000000e+02	441	5.000000000000000e-01	0.000000000000000e+00
5.86172568115914e-06  	4.411800000000000e+02	442	5.099999999999909e-01	1.000000000000000e+00
5.86485871521641e-06  	4.416600000000000e+02	442	4.800000000000182e-01	0.000000000000000e+00
5.8679890404786e-06   	4.421800000000000e+02	443	5.199999999999818e-01	1.000000000000000e+00
5.87111666153584e-06  	4.426900000000000e+02	443	5.099999999999909e-01	0.000000000000000e+00
5.87424158296663e-06  	4.431800000000000e+02	444	4.900000000000091e-01	1.000000000000000e+00
5.87736380933798e-06  	4.436600000000000e+02	444	4.800000000000182e-01	0.000000000000000e+00
5.88048334520536e-06  	4.441500000000000e+02	445	4.899999999999523e-01	1.000000000000000e+00
5.88360029833342e-06  	4.446300000000000e+02	445	4.800000000000182e-01	0.000000000000000e+00
5.88671456985659e-06  	4.451100000000000e+02	446	4.800000000000182e-01	1.000000000000000e+00
5.88982616429652e-06  	4.456000000000000e+02	446	4.900000000000091e-01	0.000000000000000e+00
5.89293518886988e-06  	4.461000000000000e+02	447	5.000000000000000e-01	1.000000000000000e+00
5.89604154519308e-06  	4.465900000000000e+02	447	4.899999999999523e-01	0.000000000000000e+00
5.89914534012216e-06  	4.470600000000000e+02	448	4.700000000000273e-01	1.000000000000000e+00
5.90224657779344e-06  	4.475800000000000e+02	448	5.199999999999818e-01	0.000000000000000e+00
5.90534516029549e-06  	4.480600000000000e+02	449	4.800000000000182e-01	1.000000000000000e+00
5.90844119395039e-06  	4.485400000000000e+02	449	4.800000000000182e-01	0.000000000000000e+00
5.91153468286432e-06  	4.490400000000000e+02	450	5.000000000000000e-01	1.000000000000000e+00
5.91462563113361e-06  	4.495600000000000e+02	450	5.199999999999818e-01	0.000000000000000e+00
5.91771414422716e-06  	4.500900000000000e+02	451	5.299999999999727e-01	1.000000000000000e+00
5.92080012467311e-06  	4.505700000000000e+02	451	4.800000000000182e-01	0.000000000000000e+00
5.92388357653884e-06  	4.510700000000000e+02	452	5.000000000000000e-01	1.000000000000000e+00
5.92696450388201e-06  	4.515500000000000e+02	452	4.800000000000182e-01	0.000000000000000e+00
5.93004301149036e-06  	4.520500000000000e+02	453	5.000000000000000e-01	1.000000000000000e+00
5.93311900249777e-06  	4.525300000000000e+02	453	4.799999999999613e-01	0.000000000000000e+00
5.93619258135735e-06  	4.530200000000000e+02	454	4.900000000000091e-01	1.000000000000000e+00
5.93926375177065e-06  	4.535100000000000e+02	454	4.900000000000091e-01	0.000000000000000e+00
5.94233251743077e-06  	4.540000000000000e+02	455	4.900000000000091e-01	1.000000000000000e+00
5.94539878205938e-06  	4.544800000000000e+02	455	4.800000000000182e-01	0.000000000000000e+00
5.94846264945198e-06  	4.549700000000000e+02	456	4.900000000000091e-01	1.000000000000000e+00
5.95152412327609e-06  	4.554500000000000e+02	456	4.799999999999613e-01	0.000000000000000e+00
5.95458330669595e-06  	4.559400000000000e+02	457	4.900000000000091e-01	1.000000000000000e+00
5.95764010370216e-06  	4.564300000000000e+02	457	4.900000000000091e-01	0.000000000000000e+00
5.96069451793765e-06  	4.569300000000000e+02	458	5.000000000000000e-01	1.000000000000000e+00
5.96374655303703e-06  	4.574500000000000e+02	458	5.199999999999818e-01	0.000000000000000e+00
5.96679631153242e-06  	4.579700000000000e+02	459	5.200000000000387e-01	1.000000000000000e+00
5.969843796744e-06    	4.585100000000000e+02	459	5.399999999999636e-01	0.000000000000000e+00
5.97288891336705e-06  	4.590200000000000e+02	460	5.099999999999909e-01	1.000000000000000e+00
5.97593176347179e-06  	4.595200000000000e+02	460	5.000000000000000e-01	0.000000000000000e+00
5.97897235035652e-06  	4.600000000000000e+02	461	4.800000000000182e-01	1.000000000000000e+00
5.98201057913083e-06  	4.604700000000000e+02	461	4.700000000000273e-01	0.000000000000000e+00
5.98504655140611e-06  	4.609500000000000e+02	462	4.799999999999613e-01	1.000000000000000e+00
5.98808027045898e-06  	4.614300000000000e+02	462	4.800000000000182e-01	0.000000000000000e+00
5.991111739559e-06    	4.619300000000000e+02	463	5.000000000000000e-01	1.000000000000000e+00
5.99414096196863e-06  	4.624000000000000e+02	463	4.699999999999704e-01	0.000000000000000e+00
5.99716803841487e-06  	4.628800000000000e+02	464	4.800000000000182e-01	1.000000000000000e+00
6.00019287453037e-06  	4.633700000000000e+02	464	4.900000000000091e-01	0.000000000000000e+00
6.00321547355688e-06  	4.638400000000000e+02	465	4.699999999999704e-01	1.000000000000000e+00
6.00623583872916e-06  	4.643300000000000e+02	465	4.900000000000091e-01	0.000000000000000e+00
6.00925407019025e-06  	4.648200000000000e+02	466	4.900000000000091e-01	1.000000000000000e+00
6.01227007410277e-06  	4.653400000000000e+02	466	5.199999999999818e-01	0.000000000000000e+00
6.01528395032294e-06  	4.658600000000000e+02	467	5.200000000000387e-01	1.000000000000000e+00
6.01829560527374e-06  	4.663400000000000e+02	467	4.799999999999613e-01	0.000000000000000e+00
6.02130513852578e-06  	4.668400000000000e+02	468	5.000000000000000e-01	1.000000000000000e+00
6.02431255299861e-06  	4.673400000000000e+02	468	5.000000000000000e-01	0.000000000000000e+00
6.02731785160581e-06  	4.678400000000000e+02	469	5.000000000000000e-01	1.000000000000000e+00
6.03032103725499e-06  	4.683400000000000e+02	469	5.000000000000000e-01	0.000000000000000e+00
6.03332211284782e-06  	4.688400000000000e+02	470	5.000000000000000e-01	1.000000000000000e+00
6.03632108128005e-06  	4.693300000000000e+02	470	4.900000000000091e-01	0.000000000000000e+00
6.03931794544152e-06  	4.698500000000000e+02	471	5.200000000000387e-01	1.000000000000000e+00
6.04231270821617e-06  	4.703400000000000e+02	471	4.899999999999523e-01	0.000000000000000e+00
6.04530546780501e-06  	4.708300000000000e+02	472	4.900000000000091e-01	1.000000000000000e+00
6.04829613162384e-06  	4.713300000000000e+02	472	5.000000000000000e-01	0.000000000000000e+00
6.05128479760769e-06  	4.718300000000000e+02	473	5.000000000000000e-01	1.000000000000000e+00
6.05427137341601e-06  	4.723500000000000e+02	473	5.200000000000387e-01	0.000000000000000e+00
6.05725595671895e-06  	4.728600000000000e+02	474	5.099999999999909e-01	1.000000000000000e+00
6.06023845541865e-06  	4.733700000000000e+02	474	5.099999999999909e-01	0.000000000000000e+00
6.06321896692143e-06  	4.738700000000000e+02	475	5.000000000000000e-01	1.000000000000000e+00
6.06619749381068e-06  	4.743800000000000e+02	475	5.099999999999909e-01	0.000000000000000e+00
6.06917403866479e-06  	4.749000000000000e+02	476	5.199999999999818e-01	1.000000000000000e+00
6.0721486040572e-06   	4.753900000000000e+02	476	4.900000000000091e-01	0.000000000000000e+00
6.07512119255634e-06  	4.758700000000000e+02	477	4.800000000000182e-01	1.000000000000000e+00
6.07809180672572e-06  	4.763700000000000e+02	477	5.000000000000000e-01	0.000000000000000e+00
6.08106044912389e-06  	4.768500000000000e+02	478	4.800000000000182e-01	1.000000000000000e+00
6.0840272160175e-06   	4.773500000000000e+02	478	5.000000000000000e-01	0.000000000000000e+00
6.08699201611801e-06  	4.778700000000000e+02	479	5.199999999999818e-01	1.000000000000000e+00
6.08995485196948e-06  	4.784000000000000e+02	479	5.299999999999727e-01	0.000000000000000e+00
6.09291581946689e-06  	4.789200000000000e+02	480	5.200000000000387e-01	1.000000000000000e+00
6.09587482766517e-06  	4.794300000000000e+02	480	5.099999999999909e-01	0.000000000000000e+00
6.09883197221476e-06  	4.799600000000000e+02	481	5.299999999999727e-01	1.000000000000000e+00
6.1017871623966e-06   	4.804500000000000e+02	481	4.900000000000091e-01	0.000000000000000e+00
6.10474049361751e-06  	4.809400000000000e+02	482	4.900000000000091e-01	1.000000000000000e+00
6.10769196815642e-06  	4.814300000000000e+02	482	4.900000000000091e-01	0.000000000000000e+00
6.1106415882881e-06   	4.819200000000000e+02	483	4.900000000000091e-01	1.000000000000000e+00
6.11358926373742e-06  	4.824200000000000e+02	483	5.000000000000000e-01	0.000000000000000e+00
6.11653508943276e-06  	4.829200000000000e+02	484	5.000000000000000e-01	1.000000000000000e+00
6.11947897532253e-06  	4.834100000000000e+02	484	4.900000000000091e-01	0.000000000000000e+00
6.12242064734812e-06  	4.838900000000000e+02	485	4.799999999999613e-01	1.000000000000000e+00
6.12536020080982e-06  	4.844000000000000e+02	485	5.099999999999909e-01	0.000000000000000e+00
6.12829763869076e-06  	4.848800000000000e+02	486	4.800000000000182e-01	1.000000000000000e+00
6.13123287218444e-06  	4.853800000000000e+02	486	5.000000000000000e-01	0.000000000000000e+00
6.13416599617681e-06  	4.858600000000000e+02	487	4.800000000000182e-01	1.000000000000000e+00
6.13709701363204e-06  	4.863500000000000e+02	487	4.900000000000091e-01	0.000000000000000e+00
6.14002592750811e-06  	4.868400000000000e+02	488	4.899999999999523e-01	1.000000000000000e+00
6.1429527407568e-06   	4.873300000000000e+02	488	4.900000000000091e-01	0.000000000000000e+00
6.14587745632376e-06  	4.878200000000000e+02	489	4.900000000000091e-01	1.000000000000000e+00
6.14880007714847e-06  	4.882900000000000e+02	489	4.700000000000273e-01	0.000000000000000e+00
6.15172060616427e-06  	4.887800000000000e+02	490	4.899999999999523e-01	1.000000000000000e+00
6.15463904629842e-06  	4.892600000000000e+02	490	4.800000000000182e-01	0.000000000000000e+00
6.15755540047206e-06  	4.897600000000000e+02	491	5.000000000000000e-01	1.000000000000000e+00
6.16046958110058e-06  	4.902400000000000e+02	491	4.800000000000182e-01	0.000000000000000e+00
6.16338177209518e-06  	4.907400000000000e+02	492	5.000000000000000e-01	1.000000000000000e+00
6.16629179560904e-06  	4.912200000000000e+02	492	4.800000000000182e-01	0.000000000000000e+00
6.16919983503645e-06  	4.917400000000000e+02	493	5.199999999999818e-01	1.000000000000000e+00
6.17210580301827e-06  	4.922700000000000e+02	493	5.299999999999727e-01	0.000000000000000e+00
6.17500979231561e-06  	4.927900000000000e+02	494	5.200000000000387e-01	1.000000000000000e+00
6.1779118055601e-06   	4.933000000000000e+02	494	5.099999999999909e-01	0.000000000000000e+00
6.18081184537818e-06  	4.937800000000000e+02	495	4.799999999999613e-01	1.000000000000000e+00
6.18371000391502e-06  	4.942800000000000e+02	495	5.000000000000000e-01	0.000000000000000e+00
6.18660610473604e-06  	4.947900000000000e+02	496	5.100000000000477e-01	1.000000000000000e+00
6.18950023997884e-06  	4.952800000000000e+02	496	4.899999999999523e-01	0.000000000000000e+00
6.1923923230864e-06   	4.957800000000000e+02	497	5.000000000000000e-01	1.000000000000000e+00
6.19528235690373e-06  	4.962700000000000e+02	497	4.900000000000091e-01	0.000000000000000e+00
6.19817025535959e-06  	4.967500000000000e+02	498	4.800000000000182e-01	1.000000000000000e+00
6.20105619911077e-06  	4.972500000000000e+02	498	5.000000000000000e-01	0.000000000000000e+00
6.20394019074159e-06  	4.977400000000000e+02	499	4.900000000000091e-01	1.000000000000000e+00
6.20682223283129e-06  	4.982500000000000e+02	499	5.099999999999909e-01	0.000000000000000e+00
6.20970241639546e-06  	4.987500000000000e+02	500	5.000000000000000e-01	1.000000000000000e+00
6.2125806554424e-06   	4.992300000000000e+02	500	4.800000000000182e-01	0.000000000000000e+00
6.21545704075016e-06  	4.997300000000000e+02	501	5.000000000000000e-01	1.000000000000000e+00
6.21833157464825e-06  	5.002300000000000e+02	501	5.000000000000000e-01	0.000000000000000e+00
6.22120425946187e-06  	5.007500000000000e+02	502	5.199999999999818e-01	1.000000000000000e+00
6.22407509751185e-06  	5.012600000000000e+02	502	5.099999999999909e-01	0.000000000000000e+00
6.22694409111469e-06  	5.017500000000000e+02	503	4.900000000000091e-01	1.000000000000000e+00
6.22981124258258e-06  	5.022300000000000e+02	503	4.800000000000182e-01	0.000000000000000e+00
6.23267646667148e-06  	5.027200000000000e+02	504	4.900000000000091e-01	1.000000000000000e+00
6.23553976591215e-06  	5.032100000000000e+02	504	4.899999999999523e-01	0.000000000000000e+00
6.23840114283039e-06  	5.037100000000000e+02	505	5.000000000000000e-01	1.000000000000000e+00
6.24126059994711e-06  	5.042100000000000e+02	505	5.000000000000000e-01	0.000000000000000e+00
6.24411813977827e-06  	5.047100000000000e+02	506	5.000000000000000e-01	1.000000000000000e+00
6.24697376483493e-06  	5.052100000000000e+02	506	5.000000000000000e-01	0.000000000000000e+00
6.24982747762326e-06  	5.057000000000000e+02	507	4.900000000000091e-01	1.000000000000000e+00
6.2526793673967e-06   	5.061900000000000e+02	507	4.900000000000091e-01	0.000000000000000e+00
6.25552952307689e-06  	5.066700000000000e+02	508	4.800000000000182e-01	1.000000000000000e+00
6.25837786017208e-06  	5.071700000000000e+02	508	5.000000000000000e-01	0.000000000000000e+00
6.26122446738534e-06  	5.076800000000000e+02	509	5.099999999999909e-01	1.000000000000000e+00
6.26406934676417e-06  	5.081800000000000e+02	509	5.000000000000000e-01	0.000000000000000e+00
6.26691250035249e-06  	5.087000000000000e+02	510	5.199999999999818e-01	1.000000000000000e+00
6.2697539301906e-06   	5.092200000000000e+02	510	5.200000000000387e-01	0.000000000000000e+00
6.27259363831524e-06  	5.097200000000000e+02	511	5.000000000000000e-01	1.000000000000000e+00
6.2754315408302e-06   	5.102000000000000e+02	511	4.799999999999613e-01	0.000000000000000e+00
6.27826763997563e-06  	5.106800000000000e+02	512	4.800000000000182e-01	1.000000000000000e+00
6.28110193798755e-06  	5.111700000000000e+02	512	4.900000000000091e-01	0.000000000000000e+00
6.28393443709783e-06  	5.116900000000000e+02	513	5.199999999999818e-01	1.000000000000000e+00
6.28676513953426e-06  	5.121799999999999e+02	513	4.899999999999523e-01	0.000000000000000e+00
6.28959396212725e-06  	5.126799999999999e+02	514	5.000000000000000e-01	1.000000000000000e+00
6.2924209925978e-06   	5.131600000000000e+02	514	4.800000000000182e-01	0.000000000000000e+00
6.2952463183435e-06   	5.136400000000000e+02	515	4.800000000000182e-01	1.000000000000000e+00
6.29806994136771e-06  	5.141300000000000e+02	515	4.900000000000091e-01	0.000000000000000e+00
6.30089186367034e-06  	5.146200000000000e+02	515	4.900000000000091e-01	0.000000000000000e+00
6.30371217213545e-06  	5.151100000000000e+02	516	4.900000000000091e-01	1.000000000000000e+00
6.30653086855938e-06  	5.156000000000000e+02	516	4.900000000000091e-01	0.000000000000000e+00
6.30934787003657e-06  	5.160900000000000e+02	517	4.900000000000091e-01	1.000000000000000e+00
6.31216326315304e-06  	5.166100000000000e+02	517	5.199999999999818e-01	0.000000000000000e+00
6.31497704969608e-06  	5.171100000000000e+02	518	5.000000000000000e-01	1.000000000000000e+00
6.31778914703812e-06  	5.175900000000000e+02	518	4.800000000000182e-01	0.000000000000000e+00
6.32059947284742e-06  	5.180900000000000e+02	519	5.000000000000000e-01	1.000000000000000e+00
6.32340811350603e-06  	5.185700000000001e+02	519	4.800000000000182e-01	0.000000000000000e+00
6.32621507098323e-06  	5.190599999999999e+02	520	4.899999999998954e-01	1.000000000000000e+00
6.32902026323696e-06  	5.195500000000000e+02	520	4.900000000000091e-01	0.000000000000000e+00
6.33182377633815e-06  	5.200400000000000e+02	521	4.900000000000091e-01	1.000000000000000e+00
6.33462561224565e-06  	5.205200000000000e+02	521	4.800000000000182e-01	0.000000000000000e+00
6.33742568920561e-06  	5.210100000000000e+02	522	4.900000000000091e-01	1.000000000000000e+00
6.34022417659128e-06  	5.215300000000000e+02	522	5.199999999999818e-01	0.000000000000000e+00
6.34302107615897e-06  	5.220200000000000e+02	523	4.900000000000091e-01	1.000000000000000e+00
6.34581647309438e-06  	5.225100000000000e+02	523	4.900000000000091e-01	0.000000000000000e+00
6.34861028562128e-06  	5.229900000000000e+02	524	4.800000000000182e-01	1.000000000000000e+00
6.35140251548754e-06  	5.234800000000000e+02	524	4.900000000000091e-01	0.000000000000000e+00
6.35419324759961e-06  	5.239800000000000e+02	525	5.000000000000000e-01	1.000000000000000e+00
6.35698240044406e-06  	5.244800000000000e+02	525	5.000000000000000e-01	0.000000000000000e+00
6.35976997576033e-06  	5.249800000000000e+02	526	5.000000000000000e-01	1.000000000000000e+00
6.36255597528501e-06  	5.254800000000000e+02	526	5.000000000000000e-01	0.000000000000000e+00
6.36534031795598e-06  	5.259500000000000e+02	527	4.700000000000273e-01	1.000000000000000e+00
6.36812308839352e-06  	5.264400000000001e+02	527	4.900000000000091e-01	0.000000000000000e+00
6.37090420571646e-06  	5.269100000000000e+02	528	4.699999999999136e-01	1.000000000000000e+00
6.37368383687055e-06  	5.274000000000000e+02	528	4.900000000000091e-01	0.000000000000000e+00
6.37646181853874e-06  	5.278900000000000e+02	529	4.900000000000091e-01	1.000000000000000e+00
6.37923831729857e-06  	5.283900000000000e+02	529	5.000000000000000e-01	0.000000000000000e+00
6.38201325243648e-06  	5.289000000000000e+02	530	5.099999999999909e-01	1.000000000000000e+00
6.38478662566635e-06  	5.294200000000000e+02	530	5.199999999999818e-01	0.000000000000000e+00
6.38755843869929e-06  	5.299100000000000e+02	531	4.900000000000091e-01	1.000000000000000e+00
6.3903286932436e-06   	5.303800000000000e+02	531	4.700000000000273e-01	0.000000000000000e+00
6.39309739100481e-06  	5.308700000000000e+02	532	4.900000000000091e-01	1.000000000000000e+00
6.39586461548848e-06  	5.313700000000000e+02	532	5.000000000000000e-01	0.000000000000000e+00
6.39863028649999e-06  	5.319000000000000e+02	533	5.299999999999727e-01	1.000000000000000e+00
6.40139448736566e-06  	5.323900000000000e+02	533	4.900000000000091e-01	0.000000000000000e+00
6.4041572196043e-06   	5.328800000000000e+02	534	4.900000000000091e-01	1.000000000000000e+00
6.40691848473235e-06  	5.333800000000000e+02	534	5.000000000000000e-01	0.000000000000000e+00
6.40967828426395e-06  	5.338700000000000e+02	535	4.900000000000091e-01	1.000000000000000e+00
6.41243661971092e-06  	5.344000000000000e+02	535	5.299999999999727e-01	0.000000000000000e+00
6.41519341137406e-06  	5.348900000000000e+02	536	4.900000000000091e-01	1.000000000000000e+00
6.41794882318034e-06  	5.354100000000000e+02	536	5.199999999999818e-01	0.000000000000000e+00
6.42070269438206e-06  	5.359200000000000e+02	537	5.099999999999909e-01	1.000000000000000e+00
6.42345518856718e-06  	5.364100000000000e+02	537	4.900000000000091e-01	0.000000000000000e+00
6.42620614531728e-06  	5.369200000000000e+02	538	5.099999999999909e-01	1.000000000000000e+00
6.4289556470907e-06   	5.374200000000000e+02	538	5.000000000000000e-01	0.000000000000000e+00
6.431703695383e-06    	5.379200000000000e+02	539	5.000000000000000e-01	1.000000000000000e+00
6.43445037231321e-06  	5.384400000000001e+02	539	5.200000000000955e-01	0.000000000000000e+00
6.43719559866147e-06  	5.389200000000000e+02	540	4.799999999999045e-01	1.000000000000000e+00
6.43993937591664e-06  	5.394299999999999e+02	540	5.099999999999909e-01	0.000000000000000e+00
6.44268170556533e-06  	5.399200000000000e+02	541	4.900000000000091e-01	1.000000000000000e+00
6.44542266939196e-06  	5.404200000000000e+02	541	5.000000000000000e-01	0.000000000000000e+00
6.44816218849388e-06  	5.408900000000000e+02	542	4.700000000000273e-01	1.000000000000000e+00
6.4509003444914e-06   	5.414000000000000e+02	542	5.099999999999909e-01	0.000000000000000e+00
6.45363705863749e-06  	5.419100000000000e+02	543	5.099999999999909e-01	1.000000000000000e+00
6.45637241238881e-06  	5.424299999999999e+02	543	5.199999999999818e-01	0.000000000000000e+00
6.45910632715346e-06  	5.429299999999999e+02	544	5.000000000000000e-01	1.000000000000000e+00
6.461838884225e-06    	5.434299999999999e+02	544	5.000000000000000e-01	0.000000000000000e+00
6.46457000516622e-06  	5.439100000000000e+02	545	4.800000000000182e-01	1.000000000000000e+00
6.46729977110799e-06  	5.443800000000000e+02	545	4.700000000000273e-01	0.000000000000000e+00
6.47002818335469e-06  	5.448700000000000e+02	546	4.900000000000091e-01	1.000000000000000e+00
6.4727552432088e-06   	5.453500000000000e+02	546	4.800000000000182e-01	0.000000000000000e+00
6.47548095197098e-06  	5.458300000000000e+02	547	4.800000000000182e-01	1.000000000000000e+00
6.47820531094002e-06  	5.463500000000000e+02	547	5.199999999999818e-01	0.000000000000000e+00
6.48092824213111e-06  	5.468700000000000e+02	548	5.199999999999818e-01	1.000000000000000e+00
6.48364990540511e-06  	5.473600000000000e+02	548	4.900000000000091e-01	0.000000000000000e+00
6.48637014364161e-06  	5.478300000000000e+02	549	4.700000000000273e-01	1.000000000000000e+00
6.48908911639352e-06  	5.483400000000000e+02	549	5.099999999999909e-01	0.000000000000000e+00
6.49180674581848e-06  	5.488300000000000e+02	550	4.900000000000091e-01	1.000000000000000e+00
6.49452303320423e-06  	5.493200000000001e+02	550	4.900000000000091e-01	0.000000000000000e+00
6.49723797983663e-06  	5.498000000000000e+02	551	4.799999999999045e-01	1.000000000000000e+00
6.49995166575549e-06  	5.502900000000000e+02	551	4.900000000000091e-01	0.000000000000000e+00
6.50266401340965e-06  	5.507900000000000e+02	552	5.000000000000000e-01	1.000000000000000e+00
6.50537502407964e-06  	5.512800000000000e+02	552	4.900000000000091e-01	0.000000000000000e+00
6.50808477757864e-06  	5.517800000000000e+02	553	5.000000000000000e-01	1.000000000000000e+00
