# time                
# Time                	cpu                   	clock                 	cpu/step              	clock/step            
0                     	2.800000000000000e-01	0	0.000000000000000e+00	0.000000000000000e+00
1.19999904000077e-10  	1.753000000000000e+01	17	1.725000000000000e+01	1.700000000000000e+01
2.63999616000445e-10  	3.472000000000000e+01	35	1.719000000000000e+01	1.800000000000000e+01
4.36799071335788e-10  	5.177000000000000e+01	52	1.705000000000000e+01	1.700000000000000e+01
6.4415820274799e-10   	6.881999999999999e+01	69	1.704999999999999e+01	1.700000000000000e+01
8.92988954051989e-10  	8.127000000000000e+01	81	1.245000000000000e+01	1.200000000000000e+01
1.19158555841406e-09  	9.825000000000000e+01	98	1.698000000000000e+01	1.700000000000000e+01
1.54990019973483e-09  	1.154700000000000e+02	115	1.722000000000000e+01	1.700000000000000e+01
1.97987715304205e-09  	1.325500000000000e+02	132	1.708000000000001e+01	1.700000000000000e+01
2.49584683469715e-09  	1.496700000000000e+02	149	1.711999999999998e+01	1.700000000000000e+01
3.11500725792346e-09  	1.667200000000000e+02	167	1.705000000000001e+01	1.800000000000000e+01
3.85799792561604e-09  	1.838000000000000e+02	184	1.708000000000001e+01	1.700000000000000e+01
4.74957877730543e-09  	2.012000000000000e+02	201	1.739999999999998e+01	1.700000000000000e+01
5.81947007569327e-09  	2.189300000000000e+02	219	1.773000000000002e+01	1.800000000000000e+01
7.10332314980061e-09  	2.364400000000000e+02	236	1.750999999999999e+01	1.700000000000000e+01
8.6439270582337e-09   	2.443500000000000e+02	244	7.909999999999997e+00	8.000000000000000e+00
1.04926403548289e-08  	2.614600000000000e+02	261	1.710999999999999e+01	1.700000000000000e+01
1.27110799039868e-08  	2.785400000000000e+02	278	1.708000000000004e+01	1.700000000000000e+01
1.53731482990905e-08  	2.956000000000000e+02	295	1.706000000000000e+01	1.700000000000000e+01
1.85675453231065e-08  	3.126600000000000e+02	312	1.706000000000000e+01	1.700000000000000e+01
2.24007482696493e-08  	3.298100000000000e+02	330	1.714999999999998e+01	1.800000000000000e+01
2.70003801822243e-08  	3.474100000000000e+02	347	1.760000000000002e+01	1.700000000000000e+01
3.25197861127614e-08  	3.650600000000000e+02	365	1.766000000000003e+01	1.800000000000000e+01
3.91427806943095e-08  	3.823500000000000e+02	382	1.729000000000002e+01	1.700000000000000e+01
4.7090058259845e-08   	3.996200000000000e+02	399	1.726999999999998e+01	1.700000000000000e+01
5.66266396873558e-08  	4.173500000000000e+02	417	1.773000000000002e+01	1.800000000000000e+01
6.8069663887071e-08   	4.355000000000000e+02	435	1.814999999999998e+01	1.800000000000000e+01
8.18003495611728e-08  	4.532600000000000e+02	453	1.775999999999999e+01	1.800000000000000e+01
9.8274908448302e-08   	4.709700000000000e+02	471	1.771000000000004e+01	1.800000000000000e+01
1.18041771347303e-07  	4.886300000000000e+02	488	1.765999999999997e+01	1.700000000000000e+01
1.41761068005734e-07  	5.064000000000000e+02	506	1.776999999999998e+01	1.800000000000000e+01
1.7021881634771e-07   	5.243300000000000e+02	524	1.793000000000006e+01	1.800000000000000e+01
2.04360328380423e-07  	5.423300000000000e+02	542	1.800000000000000e+01	1.800000000000000e+01
2.45327339739873e-07  	5.606300000000000e+02	560	1.829999999999995e+01	1.800000000000000e+01
2.94467572577439e-07  	5.789700000000000e+02	579	1.834000000000003e+01	1.900000000000000e+01
3.53430040009386e-07  	5.975599999999999e+02	597	1.858999999999992e+01	1.800000000000000e+01
4.24151523302496e-07  	6.093000000000000e+02	609	1.174000000000001e+01	1.200000000000000e+01
5.07828706896359e-07  	6.172200000000000e+02	617	7.920000000000073e+00	8.000000000000000e+00
6.02583155746934e-07  	6.254000000000000e+02	625	8.179999999999950e+00	8.000000000000000e+00
6.98526608299302e-07  	6.333600000000000e+02	633	7.960000000000036e+00	8.000000000000000e+00
7.83472265606146e-07  	6.407500000000000e+02	641	7.389999999999986e+00	8.000000000000000e+00
8.60803931805985e-07  	6.478200000000001e+02	648	7.070000000000050e+00	7.000000000000000e+00
9.32436298907281e-07  	6.545599999999999e+02	654	6.739999999999895e+00	6.000000000000000e+00
9.99600748874124e-07  	6.610700000000001e+02	661	6.510000000000105e+00	7.000000000000000e+00
1.06314400898396e-06  	6.673700000000000e+02	667	6.299999999999955e+00	6.000000000000000e+00
1.12369288045949e-06  	6.735000000000000e+02	673	6.129999999999995e+00	6.000000000000000e+00
1.18175295510397e-06  	6.794800000000000e+02	679	5.980000000000018e+00	6.000000000000000e+00
1.23770892738307e-06  	6.854200000000000e+02	685	5.939999999999941e+00	6.000000000000000e+00
1.29182525125848e-06  	6.912800000000000e+02	691	5.860000000000014e+00	6.000000000000000e+00
1.34432959952908e-06  	6.970400000000000e+02	697	5.759999999999991e+00	6.000000000000000e+00
1.39544652719772e-06  	7.027600000000000e+02	703	5.720000000000027e+00	6.000000000000000e+00
1.4452971609049e-06   	7.083900000000000e+02	708	5.629999999999995e+00	5.000000000000000e+00
1.49403835914382e-06  	7.139800000000000e+02	714	5.590000000000032e+00	6.000000000000000e+00
1.54178724990526e-06  	7.195000000000000e+02	719	5.519999999999982e+00	5.000000000000000e+00
1.5886275033544e-06   	7.251000000000000e+02	725	5.600000000000023e+00	6.000000000000000e+00
1.63465714437248e-06  	7.307300000000000e+02	731	5.629999999999995e+00	6.000000000000000e+00
1.67990339223615e-06  	7.363900000000000e+02	736	5.659999999999968e+00	5.000000000000000e+00
1.72441226349363e-06  	7.418900000000000e+02	742	5.500000000000000e+00	6.000000000000000e+00
1.76822661379969e-06  	7.473500000000000e+02	747	5.460000000000036e+00	5.000000000000000e+00
1.81134855119487e-06  	7.526600000000000e+02	752	5.309999999999945e+00	5.000000000000000e+00
1.85383606804852e-06  	7.579299999999999e+02	758	5.269999999999982e+00	6.000000000000000e+00
1.89568944285959e-06  	7.631500000000000e+02	763	5.220000000000027e+00	5.000000000000000e+00
1.93692706814633e-06  	7.683700000000000e+02	768	5.220000000000027e+00	5.000000000000000e+00
1.97754971641967e-06  	7.735300000000000e+02	773	5.159999999999968e+00	5.000000000000000e+00
2.01757521673963e-06  	7.787200000000000e+02	779	5.190000000000055e+00	6.000000000000000e+00
2.05700476393611e-06  	7.838000000000000e+02	784	5.079999999999927e+00	5.000000000000000e+00
2.09582481753741e-06  	7.888300000000000e+02	789	5.030000000000086e+00	5.000000000000000e+00
2.13403878130886e-06  	7.942000000000000e+02	794	5.370000000000005e+00	5.000000000000000e+00
2.17163615403982e-06  	7.992200000000000e+02	799	5.019999999999982e+00	5.000000000000000e+00
2.20863629165176e-06  	8.042100000000000e+02	804	4.990000000000009e+00	5.000000000000000e+00
2.24503054684653e-06  	8.091500000000000e+02	809	4.939999999999941e+00	5.000000000000000e+00
2.2808382279649e-06   	8.142000000000000e+02	814	5.050000000000068e+00	5.000000000000000e+00
2.31606503465994e-06  	8.193300000000000e+02	819	5.129999999999995e+00	5.000000000000000e+00
2.35071701584665e-06  	8.242300000000000e+02	824	4.899999999999977e+00	5.000000000000000e+00
2.38480053521284e-06  	8.291100000000000e+02	829	4.879999999999995e+00	5.000000000000000e+00
2.41832223832575e-06  	8.340599999999999e+02	834	4.949999999999932e+00	5.000000000000000e+00
2.45130016254396e-06  	8.388900000000000e+02	839	4.830000000000041e+00	5.000000000000000e+00
2.48375149316187e-06  	8.436700000000000e+02	844	4.779999999999973e+00	5.000000000000000e+00
2.51569261615789e-06  	8.484500000000000e+02	848	4.780000000000086e+00	4.000000000000000e+00
2.54713916692687e-06  	8.532400000000000e+02	853	4.789999999999964e+00	5.000000000000000e+00
2.5780962383478e-06   	8.580100000000000e+02	858	4.769999999999982e+00	5.000000000000000e+00
2.60859777365201e-06  	8.626700000000000e+02	863	4.659999999999968e+00	5.000000000000000e+00
2.63864757378356e-06  	8.674000000000000e+02	867	4.730000000000018e+00	4.000000000000000e+00
2.66826769925548e-06  	8.722900000000000e+02	872	4.889999999999986e+00	5.000000000000000e+00
2.69747890342737e-06  	8.769600000000000e+02	877	4.670000000000073e+00	5.000000000000000e+00
2.72419568571638e-06  	8.814900000000000e+02	881	4.529999999999973e+00	4.000000000000000e+00
2.74893520868543e-06  	8.860300000000000e+02	886	4.539999999999964e+00	5.000000000000000e+00
2.7720957385238e-06   	8.903800000000000e+02	890	4.350000000000023e+00	4.000000000000000e+00
2.7939692827896e-06   	8.946400000000000e+02	894	4.259999999999991e+00	4.000000000000000e+00
2.81481552570558e-06  	8.988600000000000e+02	899	4.220000000000027e+00	5.000000000000000e+00
2.83473460430248e-06  	9.030500000000000e+02	903	4.189999999999941e+00	4.000000000000000e+00
2.85386915833866e-06  	9.071700000000000e+02	907	4.120000000000005e+00	4.000000000000000e+00
2.87231696138493e-06  	9.113500000000000e+02	911	4.180000000000064e+00	4.000000000000000e+00
2.89017459753838e-06  	9.157400000000000e+02	916	4.389999999999986e+00	5.000000000000000e+00
2.90753113469699e-06  	9.198400000000000e+02	920	4.100000000000023e+00	4.000000000000000e+00
2.92444619895924e-06  	9.239100000000000e+02	924	4.069999999999936e+00	4.000000000000000e+00
2.94097813932045e-06  	9.279200000000000e+02	928	4.009999999999991e+00	4.000000000000000e+00
2.95717624043205e-06  	9.318500000000000e+02	932	3.930000000000064e+00	4.000000000000000e+00
2.97309272784546e-06  	9.358000000000000e+02	936	3.949999999999932e+00	4.000000000000000e+00
2.98874222901839e-06  	9.397400000000000e+02	940	3.940000000000055e+00	4.000000000000000e+00
3.00397640894474e-06  	9.435900000000000e+02	943	3.850000000000023e+00	3.000000000000000e+00
3.01884169991655e-06  	9.475599999999999e+02	947	3.969999999999914e+00	4.000000000000000e+00
3.03337506696286e-06  	9.514600000000000e+02	951	3.900000000000091e+00	4.000000000000000e+00
3.04761183468171e-06  	9.554500000000000e+02	955	3.990000000000009e+00	4.000000000000000e+00
3.06157186177534e-06  	9.592500000000000e+02	959	3.799999999999955e+00	4.000000000000000e+00
3.07528503593551e-06  	9.630300000000000e+02	963	3.779999999999973e+00	4.000000000000000e+00
3.08877678356414e-06  	9.669400000000001e+02	967	3.910000000000082e+00	4.000000000000000e+00
3.10206685805899e-06  	9.707300000000000e+02	971	3.789999999999964e+00	4.000000000000000e+00
3.11517179897621e-06  	9.744900000000000e+02	974	3.759999999999991e+00	3.000000000000000e+00
3.12810529626643e-06  	9.782700000000000e+02	978	3.779999999999973e+00	4.000000000000000e+00
3.14088185848006e-06  	9.820300000000000e+02	982	3.759999999999991e+00	4.000000000000000e+00
3.15352005239205e-06  	9.859700000000000e+02	986	3.940000000000055e+00	4.000000000000000e+00
3.16603251750156e-06  	9.897400000000000e+02	990	3.769999999999982e+00	4.000000000000000e+00
3.17843599738916e-06  	9.934700000000000e+02	993	3.730000000000018e+00	3.000000000000000e+00
3.19074330182575e-06  	9.972900000000000e+02	997	3.819999999999936e+00	4.000000000000000e+00
3.20296669282299e-06  	1.001040000000000e+03	1001	3.750000000000000e+00	4.000000000000000e+00
3.21511643969222e-06  	1.004770000000000e+03	1005	3.730000000000018e+00	4.000000000000000e+00
3.22718287574263e-06  	1.008550000000000e+03	1008	3.779999999999973e+00	3.000000000000000e+00
3.23914194854592e-06  	1.012310000000000e+03	1012	3.759999999999991e+00	4.000000000000000e+00
3.25099989683654e-06  	1.015990000000000e+03	1016	3.680000000000064e+00	4.000000000000000e+00
3.26276126324831e-06  	1.019710000000000e+03	1020	3.720000000000027e+00	4.000000000000000e+00
3.27443181925467e-06  	1.023380000000000e+03	1023	3.669999999999959e+00	3.000000000000000e+00
3.28601849488725e-06  	1.027060000000000e+03	1027	3.679999999999950e+00	4.000000000000000e+00
3.29752932344058e-06  	1.030820000000000e+03	1031	3.759999999999991e+00	4.000000000000000e+00
3.30896122681882e-06  	1.034530000000000e+03	1034	3.710000000000036e+00	3.000000000000000e+00
3.32032461132619e-06  	1.038250000000000e+03	1038	3.720000000000027e+00	4.000000000000000e+00
3.33162820952433e-06  	1.041940000000000e+03	1042	3.690000000000055e+00	4.000000000000000e+00
3.34287918389473e-06  	1.045610000000000e+03	1045	3.669999999999845e+00	3.000000000000000e+00
3.35408580659805e-06  	1.049230000000000e+03	1049	3.620000000000118e+00	4.000000000000000e+00
3.36525487099113e-06  	1.052860000000000e+03	1053	3.629999999999882e+00	4.000000000000000e+00
3.37639560711392e-06  	1.056470000000000e+03	1056	3.610000000000127e+00	3.000000000000000e+00
3.38748647079538e-06  	1.060090000000000e+03	1060	3.619999999999891e+00	4.000000000000000e+00
3.39850774772091e-06  	1.063690000000000e+03	1064	3.600000000000136e+00	4.000000000000000e+00
3.40946402448764e-06  	1.067370000000000e+03	1067	3.679999999999836e+00	3.000000000000000e+00
3.42036220072317e-06  	1.071010000000000e+03	1071	3.640000000000100e+00	4.000000000000000e+00
3.43120775241315e-06  	1.074590000000000e+03	1074	3.579999999999927e+00	3.000000000000000e+00
3.44200721475352e-06  	1.078200000000000e+03	1078	3.610000000000127e+00	4.000000000000000e+00
3.45275738095094e-06  	1.081890000000000e+03	1082	3.690000000000055e+00	4.000000000000000e+00
3.46346462755392e-06  	1.085510000000000e+03	1085	3.619999999999891e+00	3.000000000000000e+00
3.47413872478661e-06  	1.089240000000000e+03	1089	3.730000000000018e+00	4.000000000000000e+00
3.48478574235502e-06  	1.092940000000000e+03	1093	3.700000000000045e+00	4.000000000000000e+00
3.49541283046972e-06  	1.096550000000000e+03	1096	3.609999999999900e+00	3.000000000000000e+00
3.50599447379971e-06  	1.100150000000000e+03	1100	3.600000000000136e+00	4.000000000000000e+00
3.51651382466924e-06  	1.103730000000000e+03	1104	3.579999999999927e+00	4.000000000000000e+00
3.52697614153926e-06  	1.107860000000000e+03	1108	4.129999999999882e+00	4.000000000000000e+00
3.53738764853888e-06  	1.111770000000000e+03	1112	3.910000000000082e+00	4.000000000000000e+00
3.54775662761568e-06  	1.115580000000000e+03	1115	3.809999999999945e+00	3.000000000000000e+00
3.55809227306921e-06  	1.119220000000000e+03	1119	3.640000000000100e+00	4.000000000000000e+00
3.56839369453118e-06  	1.122860000000000e+03	1123	3.639999999999873e+00	4.000000000000000e+00
3.57866658323955e-06  	1.126420000000000e+03	1126	3.560000000000173e+00	3.000000000000000e+00
3.58892089924686e-06  	1.129930000000000e+03	1130	3.509999999999991e+00	4.000000000000000e+00
3.59914585195666e-06  	1.133500000000000e+03	1133	3.569999999999936e+00	3.000000000000000e+00
3.60930935792905e-06  	1.137030000000000e+03	1137	3.529999999999973e+00	4.000000000000000e+00
3.61941532255916e-06  	1.140540000000000e+03	1140	3.509999999999991e+00	3.000000000000000e+00
3.62947172747125e-06  	1.144080000000000e+03	1144	3.539999999999964e+00	4.000000000000000e+00
3.63948841266744e-06  	1.147670000000000e+03	1148	3.590000000000146e+00	4.000000000000000e+00
3.64947499278842e-06  	1.151270000000000e+03	1151	3.599999999999909e+00	3.000000000000000e+00
3.65943473281397e-06  	1.154860000000000e+03	1155	3.589999999999918e+00	4.000000000000000e+00
3.66937699961141e-06  	1.158480000000000e+03	1158	3.620000000000118e+00	3.000000000000000e+00
3.6793049211821e-06   	1.162040000000000e+03	1162	3.559999999999945e+00	4.000000000000000e+00
3.68917384485821e-06  	1.165610000000000e+03	1165	3.569999999999936e+00	3.000000000000000e+00
3.69898746072892e-06  	1.169150000000000e+03	1169	3.540000000000191e+00	4.000000000000000e+00
3.70875429770045e-06  	1.172710000000000e+03	1173	3.559999999999945e+00	4.000000000000000e+00
3.71848461759761e-06  	1.176300000000000e+03	1176	3.589999999999918e+00	3.000000000000000e+00
3.72818748118547e-06  	1.179820000000000e+03	1180	3.519999999999982e+00	4.000000000000000e+00
3.73786595836641e-06  	1.183380000000000e+03	1183	3.560000000000173e+00	3.000000000000000e+00
3.74753083126216e-06  	1.186920000000000e+03	1187	3.539999999999964e+00	4.000000000000000e+00
3.75717440096146e-06  	1.190460000000000e+03	1190	3.539999999999964e+00	3.000000000000000e+00
3.76676129463604e-06  	1.194070000000000e+03	1194	3.609999999999900e+00	4.000000000000000e+00
3.77629972646331e-06  	1.197640000000000e+03	1198	3.570000000000164e+00	4.000000000000000e+00
3.78579673596524e-06  	1.201170000000000e+03	1201	3.529999999999973e+00	3.000000000000000e+00
3.79526197976888e-06  	1.204710000000000e+03	1205	3.539999999999964e+00	4.000000000000000e+00
3.80470585313889e-06  	1.208220000000000e+03	1208	3.509999999999991e+00	3.000000000000000e+00
3.81413121999631e-06  	1.211780000000000e+03	1212	3.559999999999945e+00	4.000000000000000e+00
3.82354735986709e-06  	1.215320000000000e+03	1215	3.539999999999964e+00	3.000000000000000e+00
3.8329176299996e-06   	1.218860000000000e+03	1219	3.539999999999964e+00	4.000000000000000e+00
3.84223795199708e-06  	1.222380000000000e+03	1222	3.520000000000209e+00	3.000000000000000e+00
3.85151511186664e-06  	1.226260000000000e+03	1226	3.879999999999882e+00	4.000000000000000e+00
3.86075926962918e-06  	1.230610000000000e+03	1230	4.349999999999909e+00	4.000000000000000e+00
3.86998125914768e-06  	1.234820000000000e+03	1235	4.210000000000036e+00	5.000000000000000e+00
3.87918206492303e-06  	1.239060000000000e+03	1239	4.240000000000009e+00	4.000000000000000e+00
3.88837143566252e-06  	1.243260000000000e+03	1243	4.200000000000045e+00	4.000000000000000e+00
3.89753277667523e-06  	1.247470000000000e+03	1247	4.210000000000036e+00	4.000000000000000e+00
3.90664374247191e-06  	1.251030000000000e+03	1251	3.559999999999945e+00	4.000000000000000e+00
3.91571428771049e-06  	1.254580000000000e+03	1254	3.549999999999955e+00	3.000000000000000e+00
3.92475241071983e-06  	1.258090000000000e+03	1258	3.509999999999991e+00	4.000000000000000e+00
3.93376848125185e-06  	1.261600000000000e+03	1261	3.509999999999991e+00	3.000000000000000e+00
3.94276513151583e-06  	1.265100000000000e+03	1265	3.500000000000000e+00	4.000000000000000e+00
3.95175168169531e-06  	1.268620000000000e+03	1269	3.519999999999982e+00	4.000000000000000e+00
3.96071307825421e-06  	1.272140000000000e+03	1272	3.520000000000209e+00	3.000000000000000e+00
3.96962706441736e-06  	1.275670000000000e+03	1276	3.529999999999973e+00	4.000000000000000e+00
3.97850315027886e-06  	1.279240000000000e+03	1279	3.569999999999936e+00	3.000000000000000e+00
3.98734979638626e-06  	1.282800000000000e+03	1283	3.559999999999945e+00	4.000000000000000e+00
3.99617854583027e-06  	1.286460000000000e+03	1286	3.660000000000082e+00	3.000000000000000e+00
4.00499189582148e-06  	1.290010000000000e+03	1290	3.549999999999955e+00	4.000000000000000e+00
4.01379877729892e-06  	1.293510000000000e+03	1293	3.500000000000000e+00	3.000000000000000e+00
4.022570247757e-06    	1.297100000000000e+03	1297	3.589999999999918e+00	4.000000000000000e+00
4.03129943645661e-06  	1.300640000000000e+03	1301	3.540000000000191e+00	4.000000000000000e+00
4.03999619228475e-06  	1.304140000000000e+03	1304	3.500000000000000e+00	3.000000000000000e+00
4.04866858304912e-06  	1.307660000000000e+03	1308	3.519999999999982e+00	4.000000000000000e+00
4.05732688763466e-06  	1.311170000000000e+03	1311	3.509999999999991e+00	3.000000000000000e+00
4.06597426691473e-06  	1.314670000000000e+03	1315	3.500000000000000e+00	4.000000000000000e+00
4.07461074744525e-06  	1.318150000000000e+03	1318	3.480000000000018e+00	3.000000000000000e+00
4.0832015936975e-06   	1.321780000000000e+03	1322	3.629999999999882e+00	4.000000000000000e+00
4.09175566472276e-06  	1.325260000000000e+03	1325	3.480000000000018e+00	3.000000000000000e+00
4.10028084199701e-06  	1.328740000000000e+03	1329	3.480000000000018e+00	4.000000000000000e+00
4.10878862403729e-06  	1.332240000000000e+03	1332	3.500000000000000e+00	3.000000000000000e+00
4.11728434578584e-06  	1.335720000000000e+03	1336	3.480000000000018e+00	4.000000000000000e+00
4.12577630536907e-06  	1.339200000000000e+03	1339	3.480000000000018e+00	3.000000000000000e+00
4.13423380569499e-06  	1.342680000000000e+03	1343	3.480000000000018e+00	4.000000000000000e+00
4.14265342331262e-06  	1.346100000000000e+03	1346	3.419999999999845e+00	3.000000000000000e+00
4.15104429748775e-06  	1.349610000000000e+03	1349	3.509999999999991e+00	3.000000000000000e+00
4.15941538532203e-06  	1.353130000000000e+03	1353	3.520000000000209e+00	4.000000000000000e+00
4.16777114684031e-06  	1.357060000000000e+03	1357	3.929999999999836e+00	4.000000000000000e+00
4.17607837888375e-06  	1.360790000000000e+03	1361	3.730000000000018e+00	4.000000000000000e+00
4.18433692595099e-06  	1.364320000000000e+03	1364	3.529999999999973e+00	3.000000000000000e+00
4.19254875857646e-06  	1.367850000000000e+03	1368	3.529999999999973e+00	4.000000000000000e+00
4.2007123109999e-06   	1.371330000000000e+03	1371	3.480000000000018e+00	3.000000000000000e+00
4.20883089470235e-06  	1.374780000000000e+03	1375	3.450000000000045e+00	4.000000000000000e+00
4.21690295749036e-06  	1.378250000000000e+03	1378	3.470000000000027e+00	3.000000000000000e+00
4.22492835313699e-06  	1.381700000000000e+03	1382	3.450000000000045e+00	4.000000000000000e+00
4.23289434096423e-06  	1.385180000000000e+03	1385	3.480000000000018e+00	3.000000000000000e+00
4.24080309525104e-06  	1.388670000000000e+03	1389	3.490000000000009e+00	4.000000000000000e+00
4.24865478407563e-06  	1.392190000000000e+03	1392	3.519999999999982e+00	3.000000000000000e+00
4.25645022046869e-06  	1.395690000000000e+03	1396	3.500000000000000e+00	4.000000000000000e+00
4.26419020024068e-06  	1.399220000000000e+03	1399	3.529999999999973e+00	3.000000000000000e+00
4.27187611946032e-06  	1.402710000000000e+03	1403	3.490000000000009e+00	4.000000000000000e+00
4.27950811530505e-06  	1.406160000000000e+03	1406	3.450000000000045e+00	3.000000000000000e+00
4.28708753504412e-06  	1.409620000000000e+03	1410	3.459999999999809e+00	4.000000000000000e+00
4.29461568609532e-06  	1.413080000000000e+03	1413	3.460000000000036e+00	3.000000000000000e+00
4.30209325342979e-06  	1.416550000000000e+03	1416	3.470000000000027e+00	3.000000000000000e+00
4.30952090840857e-06  	1.420000000000000e+03	1420	3.450000000000045e+00	4.000000000000000e+00
4.31689930914044e-06  	1.423460000000000e+03	1423	3.460000000000036e+00	3.000000000000000e+00
4.32422966236888e-06  	1.426980000000000e+03	1427	3.519999999999982e+00	4.000000000000000e+00
4.33151258619758e-06  	1.430400000000000e+03	1430	3.420000000000073e+00	3.000000000000000e+00
4.33874923426217e-06  	1.433810000000000e+03	1434	3.409999999999854e+00	4.000000000000000e+00
4.34593964697757e-06  	1.437220000000000e+03	1437	3.410000000000082e+00	3.000000000000000e+00
4.35308494169282e-06  	1.440660000000000e+03	1441	3.440000000000055e+00	4.000000000000000e+00
4.36018567777733e-06  	1.444090000000000e+03	1444	3.429999999999836e+00	3.000000000000000e+00
4.36724292499709e-06  	1.447490000000000e+03	1447	3.400000000000091e+00	3.000000000000000e+00
4.37425669522628e-06  	1.450960000000000e+03	1451	3.470000000000027e+00	4.000000000000000e+00
4.38122751774449e-06  	1.454400000000000e+03	1454	3.440000000000055e+00	3.000000000000000e+00
4.38815641430117e-06  	1.457850000000000e+03	1458	3.449999999999818e+00	4.000000000000000e+00
4.39504437940352e-06  	1.461300000000000e+03	1461	3.450000000000045e+00	3.000000000000000e+00
4.40189140050361e-06  	1.464740000000000e+03	1465	3.440000000000055e+00	4.000000000000000e+00
4.40869844326917e-06  	1.468160000000000e+03	1468	3.420000000000073e+00	3.000000000000000e+00
4.41546644819389e-06  	1.471580000000000e+03	1471	3.419999999999845e+00	3.000000000000000e+00
4.42219585776526e-06  	1.474990000000000e+03	1475	3.410000000000082e+00	4.000000000000000e+00
4.42888757548159e-06  	1.478400000000000e+03	1478	3.410000000000082e+00	3.000000000000000e+00
4.43554155532038e-06  	1.481810000000000e+03	1482	3.409999999999854e+00	4.000000000000000e+00
4.44215913432769e-06  	1.485210000000000e+03	1485	3.400000000000091e+00	3.000000000000000e+00
4.44874070612091e-06  	1.488680000000000e+03	1489	3.470000000000027e+00	4.000000000000000e+00
4.45528665798046e-06  	1.492090000000000e+03	1492	3.409999999999854e+00	3.000000000000000e+00
4.46179781467543e-06  	1.495720000000000e+03	1496	3.630000000000109e+00	4.000000000000000e+00
4.46827454182514e-06  	1.499210000000000e+03	1499	3.490000000000009e+00	3.000000000000000e+00
4.47471719932839e-06  	1.502640000000000e+03	1503	3.430000000000064e+00	4.000000000000000e+00
4.48112700156959e-06  	1.506090000000000e+03	1506	3.449999999999818e+00	3.000000000000000e+00
4.4875038540296e-06   	1.509690000000000e+03	1510	3.600000000000136e+00	4.000000000000000e+00
4.49384851300037e-06  	1.513070000000000e+03	1513	3.379999999999882e+00	3.000000000000000e+00
4.50016129979969e-06  	1.516460000000000e+03	1516	3.390000000000100e+00	3.000000000000000e+00
4.50644335733819e-06  	1.519860000000000e+03	1520	3.399999999999864e+00	4.000000000000000e+00
4.5126941629049e-06   	1.523280000000000e+03	1523	3.420000000000073e+00	3.000000000000000e+00
4.51891442906587e-06  	1.526730000000000e+03	1527	3.450000000000045e+00	4.000000000000000e+00
4.52510404954888e-06  	1.530140000000000e+03	1530	3.410000000000082e+00	3.000000000000000e+00
4.53126411767912e-06  	1.533520000000000e+03	1533	3.379999999999882e+00	3.000000000000000e+00
4.53739412511987e-06  	1.536890000000000e+03	1537	3.370000000000118e+00	4.000000000000000e+00
4.54349514166457e-06  	1.540310000000000e+03	1540	3.419999999999845e+00	3.000000000000000e+00
4.54956705215743e-06  	1.543710000000000e+03	1544	3.400000000000091e+00	4.000000000000000e+00
4.55561013116648e-06  	1.547140000000000e+03	1547	3.430000000000064e+00	3.000000000000000e+00
4.56162502843575e-06  	1.550540000000000e+03	1550	3.399999999999864e+00	3.000000000000000e+00
4.56761200384329e-06  	1.553930000000000e+03	1554	3.390000000000100e+00	4.000000000000000e+00
4.57357168585142e-06  	1.557320000000000e+03	1557	3.389999999999873e+00	3.000000000000000e+00
4.57950468935267e-06  	1.560700000000000e+03	1561	3.380000000000109e+00	4.000000000000000e+00
4.58541088490297e-06  	1.564060000000000e+03	1564	3.359999999999900e+00	3.000000000000000e+00
4.59129051203602e-06  	1.567430000000000e+03	1567	3.370000000000118e+00	3.000000000000000e+00
4.59714380709663e-06  	1.570940000000000e+03	1571	3.509999999999991e+00	4.000000000000000e+00
4.60297064739425e-06  	1.574330000000000e+03	1574	3.389999999999873e+00	3.000000000000000e+00
4.60877126939064e-06  	1.577690000000000e+03	1578	3.360000000000127e+00	4.000000000000000e+00
4.61454590639836e-06  	1.581050000000000e+03	1581	3.359999999999900e+00	3.000000000000000e+00
4.6202947886364e-06   	1.584470000000000e+03	1584	3.420000000000073e+00	3.000000000000000e+00
4.62601814328455e-06  	1.587820000000000e+03	1588	3.349999999999909e+00	4.000000000000000e+00
4.63171619453659e-06  	1.591210000000000e+03	1591	3.390000000000100e+00	3.000000000000000e+00
4.63738916365238e-06  	1.594600000000000e+03	1595	3.389999999999873e+00	4.000000000000000e+00
4.64303760355265e-06  	1.598030000000000e+03	1598	3.430000000000064e+00	3.000000000000000e+00
4.64866172401249e-06  	1.601390000000000e+03	1601	3.360000000000127e+00	3.000000000000000e+00
4.65426206104268e-06  	1.604770000000000e+03	1605	3.379999999999882e+00	4.000000000000000e+00
4.65983881356879e-06  	1.608160000000000e+03	1608	3.390000000000100e+00	3.000000000000000e+00
4.66539217803678e-06  	1.611530000000000e+03	1611	3.369999999999891e+00	3.000000000000000e+00
4.67092299011672e-06  	1.614930000000000e+03	1615	3.400000000000091e+00	4.000000000000000e+00
4.67643143094706e-06  	1.618330000000000e+03	1618	3.399999999999864e+00	3.000000000000000e+00
4.6819176794978e-06   	1.621680000000000e+03	1622	3.350000000000136e+00	4.000000000000000e+00
4.68738222586714e-06  	1.625090000000000e+03	1625	3.409999999999854e+00	3.000000000000000e+00
4.69282523984545e-06  	1.628460000000000e+03	1628	3.370000000000118e+00	3.000000000000000e+00
4.69824688924304e-06  	1.631830000000000e+03	1632	3.369999999999891e+00	4.000000000000000e+00
4.70364764596471e-06  	1.635200000000000e+03	1635	3.370000000000118e+00	3.000000000000000e+00
4.70902797299464e-06  	1.638590000000000e+03	1638	3.389999999999873e+00	3.000000000000000e+00
4.71438802317053e-06  	1.641960000000000e+03	1642	3.370000000000118e+00	4.000000000000000e+00
4.71972794762563e-06  	1.645340000000000e+03	1645	3.379999999999882e+00	3.000000000000000e+00
4.72504819286838e-06  	1.648710000000000e+03	1649	3.370000000000118e+00	4.000000000000000e+00
4.73034919725313e-06  	1.652080000000000e+03	1652	3.369999999999891e+00	3.000000000000000e+00
4.73563109838984e-06  	1.655460000000000e+03	1655	3.380000000000109e+00	3.000000000000000e+00
4.7408940324212e-06   	1.658820000000000e+03	1659	3.359999999999900e+00	4.000000000000000e+00
4.74613842275194e-06  	1.662210000000000e+03	1662	3.390000000000100e+00	3.000000000000000e+00
4.75136439858873e-06  	1.665580000000000e+03	1665	3.369999999999891e+00	3.000000000000000e+00
4.75657237254036e-06  	1.668980000000000e+03	1669	3.400000000000091e+00	4.000000000000000e+00
4.7617624672288e-06   	1.672290000000000e+03	1672	3.309999999999945e+00	3.000000000000000e+00
4.76693480403066e-06  	1.675700000000000e+03	1676	3.410000000000082e+00	4.000000000000000e+00
4.77208950309405e-06  	1.679080000000000e+03	1679	3.379999999999882e+00	3.000000000000000e+00
4.77722668335498e-06  	1.682480000000000e+03	1682	3.400000000000091e+00	3.000000000000000e+00
4.78234646255368e-06  	1.685850000000000e+03	1686	3.369999999999891e+00	4.000000000000000e+00
4.7874489572505e-06   	1.689240000000000e+03	1689	3.390000000000100e+00	3.000000000000000e+00
4.79253428284164e-06  	1.692610000000000e+03	1693	3.369999999999891e+00	4.000000000000000e+00
4.79760255357452e-06  	1.696030000000000e+03	1696	3.420000000000073e+00	3.000000000000000e+00
4.80265388256302e-06  	1.699390000000000e+03	1699	3.360000000000127e+00	3.000000000000000e+00
4.8076883818024e-06   	1.702710000000000e+03	1703	3.319999999999936e+00	4.000000000000000e+00
4.81270616218394e-06  	1.706080000000000e+03	1706	3.369999999999891e+00	3.000000000000000e+00
4.81770733350942e-06  	1.709430000000000e+03	1709	3.350000000000136e+00	3.000000000000000e+00
4.8226912214907e-06   	1.712810000000000e+03	1713	3.379999999999882e+00	4.000000000000000e+00
4.82765794427829e-06  	1.716120000000000e+03	1716	3.309999999999945e+00	3.000000000000000e+00
4.83260787625185e-06  	1.719500000000000e+03	1719	3.380000000000109e+00	3.000000000000000e+00
4.83754112969251e-06  	1.722810000000000e+03	1723	3.309999999999945e+00	4.000000000000000e+00
4.84245781576176e-06  	1.726210000000000e+03	1726	3.400000000000091e+00	3.000000000000000e+00
4.84735804451629e-06  	1.729580000000000e+03	1729	3.369999999999891e+00	3.000000000000000e+00
4.85224217560938e-06  	1.732930000000000e+03	1733	3.350000000000136e+00	4.000000000000000e+00
4.85711031364081e-06  	1.736260000000000e+03	1736	3.329999999999927e+00	3.000000000000000e+00
4.86196256219683e-06  	1.739600000000000e+03	1740	3.339999999999918e+00	4.000000000000000e+00
4.86679926974323e-06  	1.742990000000000e+03	1743	3.390000000000100e+00	3.000000000000000e+00
4.87162053473058e-06  	1.746370000000000e+03	1746	3.379999999999882e+00	3.000000000000000e+00
4.87642669748838e-06  	1.749720000000000e+03	1750	3.350000000000136e+00	4.000000000000000e+00
4.88121785157836e-06  	1.753060000000000e+03	1753	3.339999999999918e+00	3.000000000000000e+00
4.88599408969779e-06  	1.756380000000000e+03	1756	3.320000000000164e+00	3.000000000000000e+00
4.89075574205876e-06  	1.759740000000000e+03	1760	3.359999999999900e+00	4.000000000000000e+00
4.89550289675095e-06  	1.763070000000000e+03	1763	3.329999999999927e+00	3.000000000000000e+00
4.90023564107059e-06  	1.766410000000000e+03	1766	3.340000000000146e+00	3.000000000000000e+00
4.90495429564829e-06  	1.769750000000000e+03	1770	3.339999999999918e+00	4.000000000000000e+00
4.90965894343458e-06  	1.773100000000000e+03	1773	3.349999999999909e+00	3.000000000000000e+00
4.91434989805234e-06  	1.776440000000000e+03	1776	3.340000000000146e+00	3.000000000000000e+00
4.9190272383102e-06   	1.779780000000000e+03	1780	3.339999999999918e+00	4.000000000000000e+00
4.9236910423403e-06   	1.783210000000000e+03	1783	3.430000000000064e+00	3.000000000000000e+00
4.92834138760602e-06  	1.786620000000000e+03	1787	3.409999999999854e+00	4.000000000000000e+00
4.93297857708082e-06  	1.789940000000000e+03	1790	3.320000000000164e+00	3.000000000000000e+00
4.93760245944575e-06  	1.793260000000000e+03	1793	3.319999999999936e+00	3.000000000000000e+00
4.94221333384748e-06  	1.796600000000000e+03	1797	3.339999999999918e+00	4.000000000000000e+00
4.94681127264337e-06  	1.799950000000000e+03	1800	3.350000000000136e+00	3.000000000000000e+00
4.95139634759042e-06  	1.803340000000000e+03	1803	3.389999999999873e+00	3.000000000000000e+00
4.95596840991436e-06  	1.806730000000000e+03	1807	3.390000000000100e+00	4.000000000000000e+00
4.96052775135109e-06  	1.810060000000000e+03	1810	3.329999999999927e+00	3.000000000000000e+00
4.96507444188588e-06  	1.813410000000000e+03	1813	3.350000000000136e+00	3.000000000000000e+00
4.96960855092968e-06  	1.816750000000000e+03	1817	3.339999999999918e+00	4.000000000000000e+00
4.97413014732541e-06  	1.820430000000000e+03	1821	3.680000000000064e+00	4.000000000000000e+00
4.97863929935411e-06  	1.824480000000000e+03	1825	4.049999999999955e+00	4.000000000000000e+00
4.98313607474101e-06  	1.828800000000000e+03	1829	4.319999999999936e+00	4.000000000000000e+00
4.98762054066159e-06  	1.832150000000000e+03	1832	3.350000000000136e+00	3.000000000000000e+00
4.99174702710773e-06  	1.835470000000000e+03	1836	3.319999999999936e+00	4.000000000000000e+00
4.99587351355386e-06  	1.838770000000000e+03	1839	3.299999999999955e+00	3.000000000000000e+00
5e-06                 	1.842080000000000e+03	1842	3.309999999999945e+00	3.000000000000000e+00
5.00443904490444e-06  	1.850950000000000e+03	1851	8.870000000000118e+00	9.000000000000000e+00
5.00886650393479e-06  	1.854170000000000e+03	1854	3.220000000000027e+00	3.000000000000000e+00
5.01328243687589e-06  	1.857420000000000e+03	1858	3.250000000000000e+00	4.000000000000000e+00
5.01768690305243e-06  	1.860710000000000e+03	1861	3.289999999999964e+00	3.000000000000000e+00
5.02208016452777e-06  	1.863960000000000e+03	1864	3.250000000000000e+00	3.000000000000000e+00
5.02646227765112e-06  	1.867160000000000e+03	1867	3.200000000000045e+00	3.000000000000000e+00
5.03083349952816e-06  	1.870390000000000e+03	1871	3.230000000000018e+00	4.000000000000000e+00
5.035193883665e-06    	1.873610000000000e+03	1874	3.219999999999800e+00	3.000000000000000e+00
5.03954348317567e-06  	1.876850000000000e+03	1877	3.240000000000009e+00	3.000000000000000e+00
5.04388254904347e-06  	1.880070000000000e+03	1880	3.220000000000027e+00	3.000000000000000e+00
5.04821132901479e-06  	1.883300000000000e+03	1884	3.230000000000018e+00	4.000000000000000e+00
5.0525296748703e-06   	1.886530000000000e+03	1887	3.230000000000018e+00	3.000000000000000e+00
5.05683802727638e-06  	1.889830000000000e+03	1890	3.299999999999955e+00	3.000000000000000e+00
5.06113643192925e-06  	1.893180000000000e+03	1893	3.350000000000136e+00	3.000000000000000e+00
5.06542493421348e-06  	1.896400000000000e+03	1897	3.220000000000027e+00	4.000000000000000e+00
5.06970377204941e-06  	1.899840000000000e+03	1900	3.439999999999827e+00	3.000000000000000e+00
5.07397279647842e-06  	1.903370000000000e+03	1904	3.529999999999973e+00	4.000000000000000e+00
5.0782322430908e-06   	1.906660000000000e+03	1907	3.290000000000191e+00	3.000000000000000e+00
5.08248177381368e-06  	1.909910000000000e+03	1910	3.250000000000000e+00	3.000000000000000e+00
5.08672181304472e-06  	1.913100000000000e+03	1913	3.189999999999827e+00	3.000000000000000e+00
5.09095221410494e-06  	1.916300000000000e+03	1917	3.200000000000045e+00	4.000000000000000e+00
5.09517320800246e-06  	1.919600000000000e+03	1920	3.299999999999955e+00	3.000000000000000e+00
5.09938483606637e-06  	1.922820000000000e+03	1923	3.220000000000027e+00	3.000000000000000e+00
5.10358713935485e-06  	1.926060000000000e+03	1926	3.240000000000009e+00	3.000000000000000e+00
5.10778034393533e-06  	1.929370000000000e+03	1930	3.309999999999945e+00	4.000000000000000e+00
5.11196430423762e-06  	1.932580000000000e+03	1933	3.210000000000036e+00	3.000000000000000e+00
5.11613924421016e-06  	1.935810000000000e+03	1936	3.230000000000018e+00	3.000000000000000e+00
5.12030483648146e-06  	1.939040000000000e+03	1939	3.230000000000018e+00	3.000000000000000e+00
5.12446148658062e-06  	1.942260000000000e+03	1943	3.220000000000027e+00	4.000000000000000e+00
5.12860923242802e-06  	1.945450000000000e+03	1946	3.190000000000055e+00	3.000000000000000e+00
5.13274793114842e-06  	1.948650000000000e+03	1949	3.200000000000045e+00	3.000000000000000e+00
5.13687798130379e-06  	1.951840000000000e+03	1952	3.189999999999827e+00	3.000000000000000e+00
5.14099906050005e-06  	1.955320000000000e+03	1956	3.480000000000018e+00	4.000000000000000e+00
5.14511156379232e-06  	1.959300000000000e+03	1960	3.980000000000018e+00	4.000000000000000e+00
5.14921552642963e-06  	1.962830000000000e+03	1963	3.529999999999973e+00	3.000000000000000e+00
5.1533109834449e-06   	1.966120000000000e+03	1966	3.289999999999964e+00	3.000000000000000e+00
5.15739814577432e-06  	1.969370000000000e+03	1970	3.250000000000000e+00	4.000000000000000e+00
5.16147704659378e-06  	1.972610000000000e+03	1973	3.240000000000009e+00	3.000000000000000e+00
5.16554771888125e-06  	1.975880000000000e+03	1976	3.270000000000209e+00	3.000000000000000e+00
5.16961036945235e-06  	1.979060000000000e+03	1979	3.179999999999836e+00	3.000000000000000e+00
5.17366485616108e-06  	1.982240000000000e+03	1983	3.180000000000064e+00	4.000000000000000e+00
5.1777115567604e-06   	1.985530000000000e+03	1986	3.289999999999964e+00	3.000000000000000e+00
5.181750328736e-06    	1.988780000000000e+03	1989	3.250000000000000e+00	3.000000000000000e+00
5.18578137412633e-06  	1.992010000000000e+03	1992	3.230000000000018e+00	3.000000000000000e+00
5.18980472211181e-06  	1.995230000000000e+03	1996	3.220000000000027e+00	4.000000000000000e+00
5.1938204017085e-06   	1.998430000000000e+03	1999	3.200000000000045e+00	3.000000000000000e+00
5.19782844176931e-06  	2.001610000000000e+03	2002	3.179999999999836e+00	3.000000000000000e+00
5.20182903980105e-06  	2.004830000000000e+03	2005	3.220000000000027e+00	3.000000000000000e+00
5.20582205487878e-06  	2.008030000000000e+03	2008	3.200000000000045e+00	3.000000000000000e+00
5.20980768294576e-06  	2.011300000000000e+03	2012	3.269999999999982e+00	4.000000000000000e+00
5.21378595097434e-06  	2.014500000000000e+03	2015	3.200000000000045e+00	3.000000000000000e+00
5.21775688578997e-06  	2.017760000000000e+03	2018	3.259999999999991e+00	3.000000000000000e+00
5.22172051407225e-06  	2.020970000000000e+03	2021	3.210000000000036e+00	3.000000000000000e+00
5.22567686235602e-06  	2.024180000000000e+03	2024	3.210000000000036e+00	3.000000000000000e+00
5.22962612159169e-06  	2.027440000000000e+03	2028	3.259999999999991e+00	4.000000000000000e+00
5.23356831684454e-06  	2.030640000000000e+03	2031	3.200000000000045e+00	3.000000000000000e+00
5.23750330964789e-06  	2.033890000000000e+03	2034	3.250000000000000e+00	3.000000000000000e+00
5.24143128878531e-06  	2.037140000000000e+03	2037	3.250000000000000e+00	3.000000000000000e+00
5.24535227892522e-06  	2.040390000000000e+03	2041	3.250000000000000e+00	4.000000000000000e+00
5.24926646628978e-06  	2.043660000000000e+03	2044	3.269999999999982e+00	3.000000000000000e+00
5.25317371303343e-06  	2.046920000000000e+03	2047	3.259999999999991e+00	3.000000000000000e+00
5.25707420400898e-06  	2.050130000000000e+03	2050	3.210000000000036e+00	3.000000000000000e+00
5.26096780224167e-06  	2.053390000000000e+03	2054	3.259999999999764e+00	4.000000000000000e+00
5.26485469122984e-06  	2.056660000000000e+03	2057	3.269999999999982e+00	3.000000000000000e+00
5.26873489378191e-06  	2.059910000000000e+03	2060	3.250000000000000e+00	3.000000000000000e+00
5.27260859098519e-06  	2.063140000000000e+03	2063	3.230000000000018e+00	3.000000000000000e+00
5.27647564648033e-06  	2.066360000000000e+03	2067	3.220000000000255e+00	4.000000000000000e+00
5.28033624007152e-06  	2.069650000000000e+03	2070	3.289999999999964e+00	3.000000000000000e+00
5.28419039305655e-06  	2.072880000000000e+03	2073	3.230000000000018e+00	3.000000000000000e+00
5.28803812662849e-06  	2.076150000000000e+03	2076	3.269999999999982e+00	3.000000000000000e+00
5.29187946187644e-06  	2.079400000000000e+03	2080	3.250000000000000e+00	4.000000000000000e+00
5.29571379874033e-06  	2.082640000000000e+03	2083	3.239999999999782e+00	3.000000000000000e+00
5.29954131707688e-06  	2.085860000000000e+03	2086	3.220000000000255e+00	3.000000000000000e+00
5.30336204081943e-06  	2.089030000000000e+03	2089	3.170000000000073e+00	3.000000000000000e+00
5.30717599377602e-06  	2.092240000000000e+03	2093	3.209999999999582e+00	4.000000000000000e+00
5.31098350579879e-06  	2.095430000000000e+03	2096	3.190000000000055e+00	3.000000000000000e+00
5.31478414064242e-06  	2.098650000000000e+03	2099	3.220000000000255e+00	3.000000000000000e+00
5.31857837890567e-06  	2.101890000000000e+03	2102	3.239999999999782e+00	3.000000000000000e+00
5.3223659387753e-06   	2.105080000000000e+03	2105	3.190000000000055e+00	3.000000000000000e+00
5.32614699444867e-06  	2.108370000000000e+03	2109	3.289999999999964e+00	4.000000000000000e+00
5.32992171846309e-06  	2.111610000000000e+03	2112	3.240000000000236e+00	3.000000000000000e+00
5.33368998173903e-06  	2.114900000000000e+03	2115	3.289999999999964e+00	3.000000000000000e+00
5.33745180609899e-06  	2.118130000000000e+03	2118	3.230000000000018e+00	3.000000000000000e+00
5.34120736224411e-06  	2.121400000000000e+03	2122	3.269999999999982e+00	4.000000000000000e+00
5.34495652228204e-06  	2.124770000000000e+03	2125	3.369999999999891e+00	3.000000000000000e+00
5.34869945571071e-06  	2.128220000000000e+03	2129	3.449999999999818e+00	4.000000000000000e+00
5.35243618293315e-06  	2.131640000000000e+03	2132	3.420000000000073e+00	3.000000000000000e+00
5.35616687129803e-06  	2.134840000000000e+03	2135	3.200000000000273e+00	3.000000000000000e+00
5.35989139347853e-06  	2.138100000000000e+03	2138	3.259999999999764e+00	3.000000000000000e+00
5.36360991568224e-06  	2.141550000000000e+03	2142	3.450000000000273e+00	4.000000000000000e+00
5.36732245697463e-06  	2.144790000000000e+03	2145	3.239999999999782e+00	3.000000000000000e+00
5.37102903633082e-06  	2.148100000000000e+03	2148	3.309999999999945e+00	3.000000000000000e+00
5.37472967263616e-06  	2.151370000000000e+03	2152	3.269999999999982e+00	4.000000000000000e+00
5.37842438468673e-06  	2.154650000000000e+03	2155	3.280000000000200e+00	3.000000000000000e+00
5.38211333500312e-06  	2.157830000000000e+03	2158	3.179999999999836e+00	3.000000000000000e+00
5.38579654130407e-06  	2.161240000000000e+03	2162	3.409999999999854e+00	4.000000000000000e+00
5.38947402122706e-06  	2.164610000000000e+03	2165	3.370000000000346e+00	3.000000000000000e+00
5.39314579232881e-06  	2.168010000000000e+03	2168	3.400000000000091e+00	3.000000000000000e+00
5.39681187208575e-06  	2.171220000000000e+03	2172	3.209999999999582e+00	4.000000000000000e+00
5.40047241952918e-06  	2.174490000000000e+03	2175	3.269999999999982e+00	3.000000000000000e+00
5.40412730990435e-06  	2.177710000000000e+03	2178	3.220000000000255e+00	3.000000000000000e+00
5.40777670123532e-06  	2.180870000000000e+03	2181	3.159999999999854e+00	3.000000000000000e+00
5.41142060983344e-06  	2.184070000000000e+03	2184	3.200000000000273e+00	3.000000000000000e+00
5.41505905193792e-06  	2.187380000000000e+03	2188	3.309999999999945e+00	4.000000000000000e+00
5.41869204371622e-06  	2.190570000000000e+03	2191	3.190000000000055e+00	3.000000000000000e+00
5.42231974040065e-06  	2.193810000000000e+03	2194	3.239999999999782e+00	3.000000000000000e+00
5.42594201846497e-06  	2.197000000000000e+03	2197	3.190000000000055e+00	3.000000000000000e+00
5.42955903219433e-06  	2.200180000000000e+03	2200	3.179999999999836e+00	3.000000000000000e+00
5.43317079666759e-06  	2.203410000000000e+03	2204	3.230000000000018e+00	4.000000000000000e+00
5.43677732689921e-06  	2.206610000000000e+03	2207	3.200000000000273e+00	3.000000000000000e+00
5.44037877499584e-06  	2.209840000000000e+03	2210	3.230000000000018e+00	3.000000000000000e+00
5.44397501829184e-06  	2.213040000000000e+03	2213	3.199999999999818e+00	3.000000000000000e+00
5.4475662079987e-06   	2.216260000000000e+03	2217	3.220000000000255e+00	4.000000000000000e+00
5.45115235810839e-06  	2.219460000000000e+03	2220	3.199999999999818e+00	3.000000000000000e+00
5.45473348255509e-06  	2.222700000000000e+03	2223	3.239999999999782e+00	3.000000000000000e+00
5.45830959521556e-06  	2.225960000000000e+03	2226	3.260000000000218e+00	3.000000000000000e+00
5.46188084480589e-06  	2.229200000000000e+03	2229	3.239999999999782e+00	3.000000000000000e+00
5.46544724435151e-06  	2.232530000000000e+03	2233	3.330000000000382e+00	4.000000000000000e+00
5.46900867265002e-06  	2.235810000000000e+03	2236	3.279999999999745e+00	3.000000000000000e+00
5.47256527716212e-06  	2.239100000000000e+03	2239	3.289999999999964e+00	3.000000000000000e+00
5.47611720421743e-06  	2.242310000000000e+03	2243	3.210000000000036e+00	4.000000000000000e+00
5.47966433281229e-06  	2.245560000000000e+03	2246	3.250000000000000e+00	3.000000000000000e+00
5.48320667571478e-06  	2.248830000000000e+03	2249	3.269999999999982e+00	3.000000000000000e+00
5.48674424564233e-06  	2.252040000000000e+03	2252	3.210000000000036e+00	3.000000000000000e+00
5.49027705526198e-06  	2.255200000000000e+03	2255	3.159999999999854e+00	3.000000000000000e+00
5.49380511719063e-06  	2.258390000000000e+03	2259	3.190000000000055e+00	4.000000000000000e+00
5.49732844399534e-06  	2.261560000000000e+03	2262	3.170000000000073e+00	3.000000000000000e+00
5.50084717920612e-06  	2.264740000000000e+03	2265	3.179999999999836e+00	3.000000000000000e+00
5.504361203928e-06    	2.267920000000000e+03	2268	3.180000000000291e+00	3.000000000000000e+00
5.50787066091367e-06  	2.271110000000000e+03	2271	3.190000000000055e+00	3.000000000000000e+00
5.51137556185355e-06  	2.274320000000000e+03	2275	3.210000000000036e+00	4.000000000000000e+00
5.51487591839345e-06  	2.277650000000000e+03	2278	3.329999999999927e+00	3.000000000000000e+00
5.51837187148042e-06  	2.280940000000000e+03	2281	3.289999999999964e+00	3.000000000000000e+00
5.52186330299177e-06  	2.284200000000000e+03	2285	3.259999999999764e+00	4.000000000000000e+00
5.52535035313929e-06  	2.287540000000000e+03	2288	3.340000000000146e+00	3.000000000000000e+00
5.52883290436485e-06  	2.290940000000000e+03	2291	3.400000000000091e+00	3.000000000000000e+00
5.5323110961507e-06   	2.294280000000000e+03	2295	3.340000000000146e+00	4.000000000000000e+00
5.53578506698525e-06  	2.297640000000000e+03	2298	3.359999999999673e+00	3.000000000000000e+00
5.53925469950318e-06  	2.301140000000000e+03	2301	3.500000000000000e+00	3.000000000000000e+00
5.54272000436764e-06  	2.304450000000000e+03	2305	3.309999999999945e+00	4.000000000000000e+00
5.54618111902067e-06  	2.307690000000000e+03	2308	3.240000000000236e+00	3.000000000000000e+00
5.54963792691413e-06  	2.310930000000000e+03	2311	3.239999999999782e+00	3.000000000000000e+00
5.55309056480246e-06  	2.314310000000000e+03	2315	3.380000000000109e+00	4.000000000000000e+00
5.55653904258233e-06  	2.317640000000000e+03	2318	3.329999999999927e+00	3.000000000000000e+00
5.55998337011542e-06  	2.320930000000000e+03	2321	3.289999999999964e+00	3.000000000000000e+00
5.56342355722856e-06  	2.324260000000000e+03	2325	3.330000000000382e+00	4.000000000000000e+00
5.56685973873869e-06  	2.327500000000000e+03	2328	3.239999999999782e+00	3.000000000000000e+00
5.57029179907891e-06  	2.330790000000000e+03	2331	3.289999999999964e+00	3.000000000000000e+00
5.57371987241809e-06  	2.334300000000000e+03	2335	3.510000000000218e+00	4.000000000000000e+00
5.57714396786457e-06  	2.337640000000000e+03	2338	3.339999999999691e+00	3.000000000000000e+00
5.58056409449569e-06  	2.341100000000000e+03	2341	3.460000000000036e+00	3.000000000000000e+00
5.58398026135793e-06  	2.344350000000000e+03	2345	3.250000000000000e+00	4.000000000000000e+00
5.58739247746703e-06  	2.347800000000000e+03	2348	3.450000000000273e+00	3.000000000000000e+00
5.59080075180812e-06  	2.351030000000000e+03	2351	3.230000000000018e+00	3.000000000000000e+00
5.59420521609892e-06  	2.354230000000000e+03	2355	3.199999999999818e+00	4.000000000000000e+00
5.59760575621793e-06  	2.357460000000000e+03	2358	3.230000000000018e+00	3.000000000000000e+00
5.60100250327621e-06  	2.360620000000000e+03	2361	3.159999999999854e+00	3.000000000000000e+00
5.60439546559009e-06  	2.363800000000000e+03	2364	3.180000000000291e+00	3.000000000000000e+00
5.60778465144871e-06  	2.367000000000000e+03	2367	3.199999999999818e+00	3.000000000000000e+00
5.61117006911418e-06  	2.370190000000000e+03	2370	3.190000000000055e+00	3.000000000000000e+00
5.61455172682165e-06  	2.373350000000000e+03	2374	3.159999999999854e+00	4.000000000000000e+00
5.61792963277946e-06  	2.376880000000000e+03	2377	3.530000000000200e+00	3.000000000000000e+00
5.62130391579999e-06  	2.380260000000000e+03	2381	3.380000000000109e+00	4.000000000000000e+00
5.62467446314059e-06  	2.383470000000000e+03	2384	3.209999999999582e+00	3.000000000000000e+00
5.62804140304558e-06  	2.386730000000000e+03	2387	3.260000000000218e+00	3.000000000000000e+00
5.63140474310036e-06  	2.389910000000000e+03	2390	3.179999999999836e+00	3.000000000000000e+00
5.63476461048587e-06  	2.393220000000000e+03	2394	3.309999999999945e+00	4.000000000000000e+00
5.63812089286564e-06  	2.396530000000000e+03	2397	3.310000000000400e+00	3.000000000000000e+00
5.64147359775486e-06  	2.399900000000000e+03	2400	3.369999999999891e+00	3.000000000000000e+00
5.64482285152273e-06  	2.403400000000000e+03	2404	3.500000000000000e+00	4.000000000000000e+00
5.64816866114468e-06  	2.407010000000000e+03	2407	3.610000000000127e+00	3.000000000000000e+00
5.65151091517722e-06  	2.410250000000000e+03	2411	3.239999999999782e+00	4.000000000000000e+00
5.65484973919466e-06  	2.413460000000000e+03	2414	3.210000000000036e+00	3.000000000000000e+00
5.65818514010893e-06  	2.416760000000000e+03	2417	3.300000000000182e+00	3.000000000000000e+00
5.66151712481119e-06  	2.419950000000000e+03	2420	3.189999999999600e+00	3.000000000000000e+00
5.66484581761932e-06  	2.423130000000000e+03	2423	3.180000000000291e+00	3.000000000000000e+00
5.6681711076959e-06   	2.426330000000000e+03	2427	3.199999999999818e+00	4.000000000000000e+00
5.67149311885565e-06  	2.429520000000000e+03	2430	3.190000000000055e+00	3.000000000000000e+00
5.67481174068513e-06  	2.432690000000000e+03	2433	3.170000000000073e+00	3.000000000000000e+00
5.67812709649896e-06  	2.435940000000000e+03	2436	3.250000000000000e+00	3.000000000000000e+00
5.68143919260485e-06  	2.439170000000000e+03	2439	3.230000000000018e+00	3.000000000000000e+00
5.68474803529235e-06  	2.442460000000000e+03	2443	3.289999999999964e+00	4.000000000000000e+00
5.68805374669275e-06  	2.445650000000000e+03	2446	3.190000000000055e+00	3.000000000000000e+00
5.69135621697265e-06  	2.448890000000000e+03	2449	3.239999999999782e+00	3.000000000000000e+00
5.69465545236824e-06  	2.452100000000000e+03	2452	3.210000000000036e+00	3.000000000000000e+00
5.69795157429853e-06  	2.455340000000000e+03	2456	3.240000000000236e+00	4.000000000000000e+00
5.70124458852578e-06  	2.458530000000000e+03	2459	3.190000000000055e+00	3.000000000000000e+00
5.7045343860213e-06   	2.461710000000000e+03	2462	3.179999999999836e+00	3.000000000000000e+00
5.70782062933398e-06  	2.464890000000000e+03	2465	3.179999999999836e+00	3.000000000000000e+00
5.71110332601169e-06  	2.468050000000000e+03	2468	3.160000000000309e+00	3.000000000000000e+00
5.71438248357843e-06  	2.471280000000000e+03	2472	3.230000000000018e+00	4.000000000000000e+00
5.71765822333858e-06  	2.474450000000000e+03	2475	3.169999999999618e+00	3.000000000000000e+00
5.72093043871971e-06  	2.477660000000000e+03	2478	3.210000000000036e+00	3.000000000000000e+00
5.72419913717554e-06  	2.480880000000000e+03	2481	3.220000000000255e+00	3.000000000000000e+00
5.72746443922814e-06  	2.484090000000000e+03	2484	3.210000000000036e+00	3.000000000000000e+00
5.73072623894999e-06  	2.487380000000000e+03	2488	3.289999999999964e+00	4.000000000000000e+00
5.73398465634866e-06  	2.490600000000000e+03	2491	3.219999999999800e+00	3.000000000000000e+00
5.73723969831495e-06  	2.493800000000000e+03	2494	3.200000000000273e+00	3.000000000000000e+00
5.74049137171871e-06  	2.497000000000000e+03	2497	3.199999999999818e+00	3.000000000000000e+00
5.74373968340898e-06  	2.500210000000000e+03	2501	3.210000000000036e+00	4.000000000000000e+00
5.74698464021404e-06  	2.503400000000000e+03	2504	3.190000000000055e+00	3.000000000000000e+00
5.75022624894151e-06  	2.506570000000000e+03	2507	3.170000000000073e+00	3.000000000000000e+00
5.75346451637841e-06  	2.509760000000000e+03	2510	3.190000000000055e+00	3.000000000000000e+00
5.75669956033144e-06  	2.512930000000000e+03	2513	3.169999999999618e+00	3.000000000000000e+00
5.75993127627821e-06  	2.516120000000000e+03	2516	3.190000000000055e+00	3.000000000000000e+00
5.76315978154452e-06  	2.519270000000000e+03	2520	3.150000000000091e+00	4.000000000000000e+00
5.76638508239395e-06  	2.522440000000000e+03	2523	3.170000000000073e+00	3.000000000000000e+00
5.76960707490318e-06  	2.525620000000000e+03	2526	3.179999999999836e+00	3.000000000000000e+00
5.77282587568628e-06  	2.528750000000000e+03	2529	3.130000000000109e+00	3.000000000000000e+00
5.77604160069223e-06  	2.531950000000000e+03	2532	3.199999999999818e+00	3.000000000000000e+00
5.77925414615419e-06  	2.535140000000000e+03	2535	3.190000000000055e+00	3.000000000000000e+00
5.7824635182454e-06   	2.538410000000000e+03	2539	3.269999999999982e+00	4.000000000000000e+00
5.78566972312125e-06  	2.541660000000000e+03	2542	3.250000000000000e+00	3.000000000000000e+00
5.78887276691934e-06  	2.544840000000000e+03	2545	3.180000000000291e+00	3.000000000000000e+00
5.79207276444772e-06  	2.548050000000000e+03	2548	3.210000000000036e+00	3.000000000000000e+00
5.79526972139205e-06  	2.551240000000000e+03	2552	3.189999999999600e+00	4.000000000000000e+00
5.79846353513895e-06  	2.554440000000000e+03	2555	3.200000000000273e+00	3.000000000000000e+00
5.80165431983105e-06  	2.557640000000000e+03	2558	3.199999999999818e+00	3.000000000000000e+00
5.80484208110618e-06  	2.560770000000000e+03	2561	3.130000000000109e+00	3.000000000000000e+00
5.80802682458655e-06  	2.563930000000000e+03	2564	3.159999999999854e+00	3.000000000000000e+00
5.81120855587879e-06  	2.567120000000000e+03	2567	3.190000000000055e+00	3.000000000000000e+00
5.81438728057401e-06  	2.570290000000000e+03	2571	3.170000000000073e+00	4.000000000000000e+00
5.81756311132963e-06  	2.573470000000000e+03	2574	3.179999999999836e+00	3.000000000000000e+00
5.82073594642223e-06  	2.576650000000000e+03	2577	3.180000000000291e+00	3.000000000000000e+00
5.82390579139728e-06  	2.579810000000000e+03	2580	3.159999999999854e+00	3.000000000000000e+00
5.82707275828057e-06  	2.582990000000000e+03	2583	3.179999999999836e+00	3.000000000000000e+00
5.83023685219724e-06  	2.586190000000000e+03	2587	3.200000000000273e+00	4.000000000000000e+00
5.83339797214178e-06  	2.589330000000000e+03	2590	3.139999999999873e+00	3.000000000000000e+00
5.8365562295213e-06   	2.592480000000000e+03	2593	3.150000000000091e+00	3.000000000000000e+00
5.83971162941978e-06  	2.595680000000000e+03	2596	3.199999999999818e+00	3.000000000000000e+00
5.84286417690775e-06  	2.598920000000000e+03	2599	3.240000000000236e+00	3.000000000000000e+00
5.84601387704233e-06  	2.602090000000000e+03	2602	3.170000000000073e+00	3.000000000000000e+00
5.84916084004654e-06  	2.605270000000000e+03	2606	3.179999999999836e+00	4.000000000000000e+00
5.85230496558202e-06  	2.608530000000000e+03	2609	3.260000000000218e+00	3.000000000000000e+00
5.85544625866648e-06  	2.611730000000000e+03	2612	3.199999999999818e+00	3.000000000000000e+00
5.8585848289339e-06   	2.614940000000000e+03	2615	3.210000000000036e+00	3.000000000000000e+00
5.86172068100981e-06  	2.618160000000000e+03	2618	3.219999999999800e+00	3.000000000000000e+00
5.86485371523349e-06  	2.621360000000000e+03	2622	3.200000000000273e+00	4.000000000000000e+00
5.86798404066196e-06  	2.624630000000000e+03	2625	3.269999999999982e+00	3.000000000000000e+00
5.87111166188531e-06  	2.627790000000000e+03	2628	3.159999999999854e+00	3.000000000000000e+00
5.87423658348209e-06  	2.630940000000000e+03	2631	3.150000000000091e+00	3.000000000000000e+00
5.87735881001928e-06  	2.634090000000000e+03	2634	3.150000000000091e+00	3.000000000000000e+00
5.88047834605235e-06  	2.637290000000000e+03	2638	3.199999999999818e+00	4.000000000000000e+00
5.88359529934596e-06  	2.640490000000000e+03	2641	3.199999999999818e+00	3.000000000000000e+00
5.88670957103455e-06  	2.643700000000000e+03	2644	3.210000000000036e+00	3.000000000000000e+00
5.88982116563975e-06  	2.646890000000000e+03	2647	3.190000000000055e+00	3.000000000000000e+00
5.89293019037825e-06  	2.650110000000000e+03	2650	3.220000000000255e+00	3.000000000000000e+00
5.89603654686644e-06  	2.653370000000000e+03	2654	3.259999999999764e+00	4.000000000000000e+00
5.89914034196037e-06  	2.656560000000000e+03	2657	3.190000000000055e+00	3.000000000000000e+00
5.90224157979638e-06  	2.659840000000000e+03	2660	3.280000000000200e+00	3.000000000000000e+00
5.90534016246301e-06  	2.663180000000000e+03	2664	3.339999999999691e+00	4.000000000000000e+00
5.90843619628236e-06  	2.666430000000000e+03	2667	3.250000000000000e+00	3.000000000000000e+00
5.9115296853606e-06   	2.669620000000000e+03	2670	3.190000000000055e+00	3.000000000000000e+00
5.91462063379406e-06  	2.672820000000000e+03	2673	3.200000000000273e+00	3.000000000000000e+00
5.91770904566927e-06  	2.676060000000000e+03	2677	3.239999999999782e+00	4.000000000000000e+00
5.92079502628246e-06  	2.679270000000000e+03	2680	3.210000000000036e+00	3.000000000000000e+00
5.92387847831529e-06  	2.682520000000000e+03	2683	3.250000000000000e+00	3.000000000000000e+00
5.92695940582541e-06  	2.685680000000000e+03	2686	3.159999999999854e+00	3.000000000000000e+00
5.9300379136006e-06   	2.688840000000000e+03	2689	3.160000000000309e+00	3.000000000000000e+00
5.93311400535975e-06  	2.692020000000000e+03	2692	3.179999999999836e+00	3.000000000000000e+00
5.93618758438261e-06  	2.695210000000000e+03	2696	3.190000000000055e+00	4.000000000000000e+00
5.93925875495906e-06  	2.698400000000000e+03	2699	3.190000000000055e+00	3.000000000000000e+00
5.94232742066587e-06  	2.701630000000000e+03	2702	3.230000000000018e+00	3.000000000000000e+00
5.94539368546063e-06  	2.704860000000000e+03	2705	3.230000000000018e+00	3.000000000000000e+00
5.94845755301925e-06  	2.708100000000000e+03	2709	3.239999999999782e+00	4.000000000000000e+00
5.95151912666661e-06  	2.711290000000000e+03	2712	3.190000000000055e+00	3.000000000000000e+00
5.95457821074394e-06  	2.714450000000000e+03	2715	3.159999999999854e+00	3.000000000000000e+00
5.95763500791579e-06  	2.717640000000000e+03	2718	3.190000000000055e+00	3.000000000000000e+00
5.96068942231678e-06  	2.720830000000000e+03	2721	3.190000000000055e+00	3.000000000000000e+00
5.96374145758154e-06  	2.724030000000000e+03	2724	3.200000000000273e+00	3.000000000000000e+00
5.96679121624219e-06  	2.727190000000000e+03	2728	3.159999999999854e+00	4.000000000000000e+00
5.96983860285734e-06  	2.730380000000000e+03	2731	3.190000000000055e+00	3.000000000000000e+00
5.9728837196486e-06   	2.733530000000000e+03	2734	3.150000000000091e+00	3.000000000000000e+00
5.97592647145367e-06  	2.736770000000000e+03	2737	3.239999999999782e+00	3.000000000000000e+00
5.97896696018503e-06  	2.739950000000000e+03	2740	3.179999999999836e+00	3.000000000000000e+00
5.98200518913351e-06  	2.743180000000000e+03	2744	3.230000000000018e+00	4.000000000000000e+00
5.98504116158284e-06  	2.746340000000000e+03	2747	3.160000000000309e+00	3.000000000000000e+00
5.98807488080964e-06  	2.749620000000000e+03	2750	3.279999999999745e+00	3.000000000000000e+00
5.99110635008344e-06  	2.752810000000000e+03	2753	3.190000000000055e+00	3.000000000000000e+00
5.99413557266673e-06  	2.755970000000000e+03	2756	3.159999999999854e+00	3.000000000000000e+00
5.99716255181496e-06  	2.759140000000000e+03	2760	3.170000000000073e+00	4.000000000000000e+00
6.00018729077655e-06  	2.762320000000000e+03	2763	3.180000000000291e+00	3.000000000000000e+00
