# time                
# Time                	cpu                   	clock                 	cpu/step              	clock/step            
0                     	1.200000000000000e-01	0	0.000000000000000e+00	0.000000000000000e+00
1.19999904000077e-10  	5.430000000000000e+00	5	5.310000000000000e+00	5.000000000000000e+00
2.63999616000445e-10  	1.063000000000000e+01	10	5.200000000000001e+00	5.000000000000000e+00
4.36799071335788e-10  	1.576000000000000e+01	15	5.129999999999999e+00	5.000000000000000e+00
6.4415820274799e-10   	2.087000000000000e+01	21	5.110000000000001e+00	6.000000000000000e+00
8.92988954051989e-10  	2.466000000000000e+01	24	3.789999999999999e+00	3.000000000000000e+00
1.19158555841406e-09  	2.982000000000000e+01	30	5.160000000000000e+00	6.000000000000000e+00
1.54990019973483e-09  	3.500000000000000e+01	35	5.180000000000000e+00	5.000000000000000e+00
1.97987715304205e-09  	4.017000000000000e+01	40	5.170000000000002e+00	5.000000000000000e+00
2.49584683469715e-09  	4.525000000000000e+01	45	5.079999999999998e+00	5.000000000000000e+00
3.11500725792346e-09  	5.040000000000000e+01	50	5.149999999999999e+00	5.000000000000000e+00
3.85799792561604e-09  	5.560000000000000e+01	55	5.200000000000003e+00	5.000000000000000e+00
4.74957877730543e-09  	6.066000000000000e+01	60	5.059999999999995e+00	5.000000000000000e+00
5.81947007569327e-09  	6.579000000000001e+01	65	5.130000000000010e+00	5.000000000000000e+00
7.10332314980061e-09  	7.103000000000000e+01	71	5.239999999999995e+00	6.000000000000000e+00
8.6439270582337e-09   	7.620999999999999e+01	76	5.179999999999993e+00	5.000000000000000e+00
1.04926403548289e-08  	8.134000000000000e+01	81	5.130000000000010e+00	5.000000000000000e+00
1.27110799039868e-08  	8.650000000000000e+01	86	5.159999999999997e+00	5.000000000000000e+00
1.53731482990905e-08  	9.173999999999999e+01	91	5.239999999999995e+00	5.000000000000000e+00
1.85675453231065e-08  	9.700000000000000e+01	97	5.260000000000005e+00	6.000000000000000e+00
2.24007482696493e-08  	1.022100000000000e+02	102	5.209999999999994e+00	5.000000000000000e+00
2.70003801822243e-08  	1.074500000000000e+02	107	5.240000000000009e+00	5.000000000000000e+00
3.25197861127614e-08  	1.126800000000000e+02	112	5.230000000000004e+00	5.000000000000000e+00
3.91427806943095e-08  	1.179800000000000e+02	118	5.299999999999997e+00	6.000000000000000e+00
4.7090058259845e-08   	1.233500000000000e+02	123	5.369999999999990e+00	5.000000000000000e+00
5.66266396873558e-08  	1.288300000000000e+02	129	5.480000000000018e+00	6.000000000000000e+00
6.8069663887071e-08   	1.342700000000000e+02	134	5.439999999999998e+00	5.000000000000000e+00
8.18003495611728e-08  	1.398200000000000e+02	140	5.549999999999983e+00	6.000000000000000e+00
9.8274908448302e-08   	1.454000000000000e+02	145	5.580000000000013e+00	5.000000000000000e+00
1.18041771347303e-07  	1.509800000000000e+02	151	5.579999999999984e+00	6.000000000000000e+00
1.41761068005734e-07  	1.566400000000000e+02	156	5.659999999999997e+00	5.000000000000000e+00
1.7021881634771e-07   	1.623700000000000e+02	162	5.730000000000018e+00	6.000000000000000e+00
2.04360328380423e-07  	1.681900000000000e+02	168	5.819999999999993e+00	6.000000000000000e+00
2.45327339739873e-07  	1.740000000000000e+02	174	5.810000000000002e+00	6.000000000000000e+00
2.94467572577439e-07  	1.798500000000000e+02	180	5.849999999999994e+00	6.000000000000000e+00
3.53430040009386e-07  	1.859400000000000e+02	186	6.090000000000003e+00	6.000000000000000e+00
4.24151523302496e-07  	1.897000000000000e+02	189	3.759999999999991e+00	3.000000000000000e+00
5.07828706896359e-07  	1.921900000000000e+02	192	2.490000000000009e+00	3.000000000000000e+00
6.02583155746934e-07  	1.948300000000000e+02	195	2.640000000000015e+00	3.000000000000000e+00
6.98526608299302e-07  	1.974000000000000e+02	197	2.569999999999993e+00	2.000000000000000e+00
7.83472265606146e-07  	1.997400000000000e+02	199	2.340000000000003e+00	2.000000000000000e+00
8.60803931805985e-07  	2.019000000000000e+02	202	2.159999999999997e+00	3.000000000000000e+00
9.32436298907281e-07  	2.039900000000000e+02	204	2.090000000000003e+00	2.000000000000000e+00
9.99555244504228e-07  	2.059600000000000e+02	206	1.969999999999999e+00	2.000000000000000e+00
1.06309853382098e-06  	2.078800000000000e+02	208	1.919999999999987e+00	2.000000000000000e+00
1.12364743312708e-06  	2.098200000000000e+02	210	1.939999999999998e+00	2.000000000000000e+00
1.18170753445819e-06  	2.117100000000000e+02	211	1.890000000000015e+00	1.000000000000000e+00
1.2376635324568e-06   	2.135700000000000e+02	213	1.859999999999985e+00	2.000000000000000e+00
1.29177988120614e-06  	2.154500000000000e+02	215	1.879999999999995e+00	2.000000000000000e+00
1.34428425360975e-06  	2.172700000000000e+02	217	1.820000000000022e+00	2.000000000000000e+00
1.39540120477368e-06  	2.190200000000000e+02	219	1.750000000000000e+00	2.000000000000000e+00
1.44525186139412e-06  	2.208000000000000e+02	220	1.780000000000001e+00	1.000000000000000e+00
1.49399308203636e-06  	2.225100000000000e+02	222	1.709999999999980e+00	2.000000000000000e+00
1.54174199474502e-06  	2.242000000000000e+02	224	1.689999999999998e+00	2.000000000000000e+00
1.58858226972373e-06  	2.258600000000000e+02	226	1.660000000000025e+00	2.000000000000000e+00
1.63461193189879e-06  	2.275100000000000e+02	227	1.649999999999977e+00	1.000000000000000e+00
1.67985820055937e-06  	2.291600000000000e+02	229	1.650000000000006e+00	2.000000000000000e+00
1.72438725028738e-06  	2.307800000000000e+02	230	1.620000000000005e+00	1.000000000000000e+00
1.76820161174512e-06  	2.324100000000000e+02	232	1.629999999999995e+00	2.000000000000000e+00
1.81132356011573e-06  	2.340400000000000e+02	234	1.629999999999995e+00	2.000000000000000e+00
1.85381108778336e-06  	2.356400000000000e+02	235	1.599999999999994e+00	1.000000000000000e+00
1.89566447324699e-06  	2.372200000000000e+02	237	1.580000000000013e+00	2.000000000000000e+00
1.93690210902957e-06  	2.387800000000000e+02	238	1.560000000000002e+00	1.000000000000000e+00
1.97752476764223e-06  	2.403500000000000e+02	240	1.569999999999993e+00	2.000000000000000e+00
2.01755027814952e-06  	2.419200000000000e+02	242	1.569999999999993e+00	2.000000000000000e+00
2.05697983538166e-06  	2.434500000000000e+02	243	1.530000000000001e+00	1.000000000000000e+00
2.09579989886347e-06  	2.450000000000000e+02	245	1.550000000000011e+00	2.000000000000000e+00
2.13401387236118e-06  	2.465100000000000e+02	246	1.509999999999991e+00	1.000000000000000e+00
2.17161125466147e-06  	2.480500000000000e+02	248	1.540000000000020e+00	2.000000000000000e+00
2.20861140169072e-06  	2.497400000000000e+02	249	1.689999999999998e+00	1.000000000000000e+00
2.24500566614859e-06  	2.512300000000000e+02	251	1.489999999999981e+00	2.000000000000000e+00
2.28081335638077e-06  	2.527400000000000e+02	252	1.510000000000019e+00	1.000000000000000e+00
2.31604017204177e-06  	2.543200000000000e+02	254	1.579999999999984e+00	2.000000000000000e+00
2.35069216204814e-06  	2.559800000000000e+02	256	1.659999999999997e+00	2.000000000000000e+00
2.38477569008931e-06  	2.574600000000000e+02	257	1.479999999999990e+00	1.000000000000000e+00
2.4182974017342e-06   	2.589600000000000e+02	259	1.500000000000000e+00	2.000000000000000e+00
2.45127533434598e-06  	2.604400000000000e+02	260	1.480000000000018e+00	1.000000000000000e+00
2.48372667322345e-06  	2.618800000000000e+02	262	1.439999999999998e+00	2.000000000000000e+00
2.51566780434915e-06  	2.633200000000000e+02	263	1.439999999999998e+00	1.000000000000000e+00
2.54711436312194e-06  	2.647600000000000e+02	264	1.439999999999998e+00	1.000000000000000e+00
2.5780812794349e-06   	2.661900000000000e+02	266	1.430000000000007e+00	2.000000000000000e+00
2.60858281942255e-06  	2.676000000000000e+02	267	1.410000000000025e+00	1.000000000000000e+00
2.63863262416818e-06  	2.690200000000000e+02	269	1.419999999999959e+00	2.000000000000000e+00
2.66825275418821e-06  	2.704200000000000e+02	270	1.400000000000034e+00	1.000000000000000e+00
2.69746396284542e-06  	2.718200000000000e+02	272	1.399999999999977e+00	2.000000000000000e+00
2.72418074923673e-06  	2.731600000000000e+02	273	1.340000000000032e+00	1.000000000000000e+00
2.74892027600447e-06  	2.744900000000000e+02	274	1.329999999999984e+00	1.000000000000000e+00
2.77208080939909e-06  	2.758100000000000e+02	276	1.319999999999993e+00	2.000000000000000e+00
2.79395435702352e-06  	2.770700000000000e+02	277	1.259999999999991e+00	1.000000000000000e+00
2.81480060314039e-06  	2.783100000000000e+02	278	1.240000000000009e+00	1.000000000000000e+00
2.83471968479582e-06  	2.795300000000000e+02	279	1.219999999999970e+00	1.000000000000000e+00
2.85385424177007e-06  	2.807500000000000e+02	280	1.220000000000027e+00	1.000000000000000e+00
2.87230204764896e-06  	2.819400000000000e+02	282	1.189999999999998e+00	2.000000000000000e+00
2.89015968654441e-06  	2.831400000000000e+02	283	1.199999999999989e+00	1.000000000000000e+00
2.90751622636808e-06  	2.843100000000000e+02	284	1.170000000000016e+00	1.000000000000000e+00
2.9244312932276e-06   	2.854800000000000e+02	285	1.170000000000016e+00	1.000000000000000e+00
2.94096323612725e-06  	2.866600000000000e+02	286	1.180000000000007e+00	1.000000000000000e+00
2.95716133972603e-06  	2.878300000000000e+02	288	1.169999999999959e+00	2.000000000000000e+00
2.97307782958338e-06  	2.889800000000000e+02	289	1.150000000000034e+00	1.000000000000000e+00
2.98872733315925e-06  	2.901400000000000e+02	290	1.159999999999968e+00	1.000000000000000e+00
3.00396151542478e-06  	2.912600000000000e+02	291	1.120000000000005e+00	1.000000000000000e+00
3.01882680867912e-06  	2.923800000000000e+02	292	1.120000000000005e+00	1.000000000000000e+00
3.033360177957e-06    	2.935000000000000e+02	293	1.120000000000005e+00	1.000000000000000e+00
3.04759694786187e-06  	2.946100000000000e+02	294	1.110000000000014e+00	1.000000000000000e+00
3.06155697709904e-06  	2.957100000000000e+02	295	1.099999999999966e+00	1.000000000000000e+00
3.07527015336483e-06  	2.968000000000000e+02	297	1.090000000000032e+00	2.000000000000000e+00
3.08876190306509e-06  	2.979300000000000e+02	298	1.129999999999995e+00	1.000000000000000e+00
3.10205197960059e-06  	2.990400000000000e+02	299	1.110000000000014e+00	1.000000000000000e+00
3.11515692253005e-06  	3.001700000000000e+02	300	1.129999999999995e+00	1.000000000000000e+00
3.12809042180618e-06  	3.012700000000000e+02	301	1.099999999999966e+00	1.000000000000000e+00
3.14086698598162e-06  	3.023600000000000e+02	302	1.090000000000032e+00	1.000000000000000e+00
3.15350518183418e-06  	3.034300000000000e+02	303	1.069999999999993e+00	1.000000000000000e+00
3.16601764886495e-06  	3.045100000000000e+02	304	1.079999999999984e+00	1.000000000000000e+00
3.17842113065708e-06  	3.056000000000000e+02	305	1.090000000000032e+00	1.000000000000000e+00
3.19072843698342e-06  	3.067000000000000e+02	306	1.099999999999966e+00	1.000000000000000e+00
3.20295182985754e-06  	3.077800000000000e+02	307	1.079999999999984e+00	1.000000000000000e+00
3.21510157859234e-06  	3.088500000000000e+02	309	1.070000000000050e+00	2.000000000000000e+00
3.22716801649552e-06  	3.099500000000000e+02	310	1.099999999999966e+00	1.000000000000000e+00
3.2391270911351e-06   	3.110400000000000e+02	311	1.090000000000032e+00	1.000000000000000e+00
3.25098504124648e-06  	3.121400000000000e+02	312	1.099999999999966e+00	1.000000000000000e+00
3.26274640946418e-06  	3.132200000000000e+02	313	1.080000000000041e+00	1.000000000000000e+00
3.27441696726253e-06  	3.142700000000000e+02	314	1.049999999999955e+00	1.000000000000000e+00
3.28600364467421e-06  	3.153300000000000e+02	315	1.060000000000002e+00	1.000000000000000e+00
3.29751447499501e-06  	3.163800000000000e+02	316	1.050000000000011e+00	1.000000000000000e+00
3.30894638012859e-06  	3.174400000000000e+02	317	1.060000000000002e+00	1.000000000000000e+00
3.32030976638078e-06  	3.185000000000000e+02	318	1.060000000000002e+00	1.000000000000000e+00
3.33161336631456e-06  	3.195400000000000e+02	319	1.040000000000020e+00	1.000000000000000e+00
3.34286565203609e-06  	3.205900000000000e+02	320	1.049999999999955e+00	1.000000000000000e+00
3.35407227630832e-06  	3.216600000000000e+02	321	1.070000000000050e+00	1.000000000000000e+00
3.36524134226506e-06  	3.227000000000000e+02	322	1.039999999999964e+00	1.000000000000000e+00
3.37638207994753e-06  	3.237500000000000e+02	323	1.050000000000011e+00	1.000000000000000e+00
3.3874729451817e-06   	3.247800000000000e+02	324	1.029999999999973e+00	1.000000000000000e+00
3.39849422365019e-06  	3.258200000000000e+02	326	1.040000000000020e+00	2.000000000000000e+00
3.40945050195079e-06  	3.268500000000000e+02	327	1.030000000000030e+00	1.000000000000000e+00
3.42034867971205e-06  	3.278800000000000e+02	328	1.029999999999973e+00	1.000000000000000e+00
3.43119423292039e-06  	3.288900000000000e+02	329	1.009999999999991e+00	1.000000000000000e+00
3.44199369677267e-06  	3.299100000000000e+02	330	1.020000000000039e+00	1.000000000000000e+00
3.4527438644751e-06   	3.309300000000000e+02	331	1.019999999999982e+00	1.000000000000000e+00
3.46345230016005e-06  	3.320000000000000e+02	332	1.069999999999993e+00	1.000000000000000e+00
3.47412639875579e-06  	3.330200000000000e+02	333	1.019999999999982e+00	1.000000000000000e+00
3.48477341768379e-06  	3.340800000000000e+02	334	1.060000000000002e+00	1.000000000000000e+00
3.49540050715552e-06  	3.351300000000000e+02	335	1.050000000000011e+00	1.000000000000000e+00
3.50598215183676e-06  	3.361400000000000e+02	336	1.009999999999991e+00	1.000000000000000e+00
3.51650150404957e-06  	3.371600000000000e+02	337	1.020000000000039e+00	1.000000000000000e+00
3.52696495687421e-06  	3.382100000000000e+02	338	1.049999999999955e+00	1.000000000000000e+00
3.53737646508089e-06  	3.392400000000000e+02	339	1.030000000000030e+00	1.000000000000000e+00
3.54774544535982e-06  	3.402500000000000e+02	340	1.009999999999991e+00	1.000000000000000e+00
3.55808109201163e-06  	3.412600000000000e+02	341	1.009999999999991e+00	1.000000000000000e+00
3.5683825146679e-06   	3.422700000000000e+02	342	1.009999999999991e+00	1.000000000000000e+00
3.57865540456726e-06  	3.432800000000000e+02	343	1.009999999999991e+00	1.000000000000000e+00
3.58890972176342e-06  	3.442700000000000e+02	344	9.900000000000091e-01	1.000000000000000e+00
3.59913467565866e-06  	3.452800000000000e+02	345	1.009999999999991e+00	1.000000000000000e+00
3.60929818280935e-06  	3.462900000000000e+02	346	1.010000000000048e+00	1.000000000000000e+00
3.61940414861111e-06  	3.473000000000000e+02	347	1.009999999999991e+00	1.000000000000000e+00
3.6294605546891e-06   	3.483000000000000e+02	348	1.000000000000000e+00	1.000000000000000e+00
3.63947724104658e-06  	3.493000000000000e+02	349	1.000000000000000e+00	1.000000000000000e+00
3.64946382232536e-06  	3.503300000000000e+02	350	1.029999999999973e+00	1.000000000000000e+00
3.6594235635056e-06   	3.513700000000000e+02	351	1.040000000000020e+00	1.000000000000000e+00
3.6693658314557e-06   	3.524200000000000e+02	352	1.050000000000011e+00	1.000000000000000e+00
3.67929375417739e-06  	3.534500000000000e+02	353	1.029999999999973e+00	1.000000000000000e+00
3.68916267899766e-06  	3.544900000000000e+02	354	1.040000000000020e+00	1.000000000000000e+00
3.69897629600612e-06  	3.555000000000000e+02	355	1.009999999999991e+00	1.000000000000000e+00
3.70874313410997e-06  	3.565200000000000e+02	356	1.019999999999982e+00	1.000000000000000e+00
3.71847345513522e-06  	3.575200000000000e+02	357	1.000000000000000e+00	1.000000000000000e+00
3.728176319848e-06    	3.585200000000000e+02	358	1.000000000000000e+00	1.000000000000000e+00
3.7378557712536e-06   	3.595100000000000e+02	359	9.900000000000091e-01	1.000000000000000e+00
3.74752064517215e-06  	3.605100000000000e+02	360	1.000000000000000e+00	1.000000000000000e+00
3.757164215892e-06    	3.615200000000000e+02	361	1.009999999999991e+00	1.000000000000000e+00
3.76675111058113e-06  	3.625100000000000e+02	362	9.900000000000091e-01	1.000000000000000e+00
3.77628954341782e-06  	3.635300000000000e+02	363	1.019999999999982e+00	1.000000000000000e+00
3.78578655392479e-06  	3.645400000000000e+02	364	1.010000000000048e+00	1.000000000000000e+00
3.79525179873011e-06  	3.655700000000000e+02	365	1.029999999999973e+00	1.000000000000000e+00
3.80469567309953e-06  	3.665800000000000e+02	366	1.009999999999991e+00	1.000000000000000e+00
3.81412104095441e-06  	3.676000000000000e+02	367	1.020000000000039e+00	1.000000000000000e+00
3.82353718182166e-06  	3.686300000000000e+02	368	1.029999999999973e+00	1.000000000000000e+00
3.83290836596063e-06  	3.696600000000000e+02	369	1.030000000000030e+00	1.000000000000000e+00
3.84222868885596e-06  	3.706700000000000e+02	370	1.009999999999991e+00	1.000000000000000e+00
3.85150674475244e-06  	3.716900000000000e+02	371	1.019999999999982e+00	1.000000000000000e+00
3.86075090331943e-06  	3.727200000000000e+02	372	1.030000000000030e+00	1.000000000000000e+00
3.86997289364046e-06  	3.737400000000000e+02	373	1.019999999999982e+00	1.000000000000000e+00
3.87917370021648e-06  	3.747600000000000e+02	374	1.019999999999982e+00	1.000000000000000e+00
3.88836307175566e-06  	3.757600000000000e+02	375	1.000000000000000e+00	1.000000000000000e+00
3.89752441356562e-06  	3.767800000000000e+02	376	1.019999999999982e+00	1.000000000000000e+00
3.90663538015515e-06  	3.777800000000000e+02	377	1.000000000000000e+00	1.000000000000000e+00
3.91570592618308e-06  	3.787900000000000e+02	378	1.010000000000048e+00	1.000000000000000e+00
3.92474404997894e-06  	3.798100000000000e+02	380	1.019999999999982e+00	2.000000000000000e+00
3.93376096747777e-06  	3.808000000000000e+02	380	9.900000000000091e-01	0.000000000000000e+00
3.94275761844542e-06  	3.818100000000000e+02	382	1.009999999999991e+00	2.000000000000000e+00
3.95174416932778e-06  	3.828000000000000e+02	382	9.900000000000091e-01	0.000000000000000e+00
3.96070556658759e-06  	3.838000000000000e+02	384	1.000000000000000e+00	2.000000000000000e+00
3.96961955344794e-06  	3.847900000000000e+02	384	9.900000000000091e-01	0.000000000000000e+00
3.97849564000368e-06  	3.857800000000000e+02	385	9.899999999999523e-01	1.000000000000000e+00
3.98734228680302e-06  	3.867800000000000e+02	386	1.000000000000000e+00	1.000000000000000e+00
3.99617103693756e-06  	3.877800000000000e+02	387	1.000000000000000e+00	1.000000000000000e+00
4.0049843876181e-06   	3.887900000000000e+02	388	1.010000000000048e+00	1.000000000000000e+00
4.01379126978437e-06  	3.897900000000000e+02	389	1.000000000000000e+00	1.000000000000000e+00
4.0225627409285e-06   	3.908000000000000e+02	390	1.009999999999991e+00	1.000000000000000e+00
4.03129193031086e-06  	3.918000000000000e+02	391	1.000000000000000e+00	1.000000000000000e+00
4.03998868681922e-06  	3.928000000000000e+02	393	1.000000000000000e+00	2.000000000000000e+00
4.04866107826189e-06  	3.938200000000000e+02	394	1.019999999999982e+00	1.000000000000000e+00
4.05731938352464e-06  	3.948100000000000e+02	395	9.900000000000091e-01	1.000000000000000e+00
4.06596676348106e-06  	3.958200000000000e+02	396	1.009999999999991e+00	1.000000000000000e+00
4.07460324468708e-06  	3.968100000000000e+02	397	9.900000000000091e-01	1.000000000000000e+00
4.08319409161125e-06  	3.978100000000000e+02	398	1.000000000000000e+00	1.000000000000000e+00
4.09174816330557e-06  	3.988100000000000e+02	399	1.000000000000000e+00	1.000000000000000e+00
4.10027334124661e-06  	3.998200000000000e+02	400	1.009999999999991e+00	1.000000000000000e+00
4.10878112395232e-06  	4.008100000000000e+02	401	9.900000000000091e-01	1.000000000000000e+00
4.11727684636537e-06  	4.018300000000000e+02	402	1.019999999999982e+00	1.000000000000000e+00
4.12576880661279e-06  	4.028200000000000e+02	403	9.900000000000091e-01	1.000000000000000e+00
4.13422630760021e-06  	4.038000000000000e+02	403	9.800000000000182e-01	0.000000000000000e+00
4.14264592587637e-06  	4.047900000000000e+02	404	9.900000000000091e-01	1.000000000000000e+00
4.15103680070779e-06  	4.057700000000000e+02	405	9.799999999999613e-01	1.000000000000000e+00
4.15940788919681e-06  	4.067700000000000e+02	406	1.000000000000000e+00	1.000000000000000e+00
4.16776365136863e-06  	4.077900000000000e+02	407	1.020000000000039e+00	1.000000000000000e+00
4.17607088406182e-06  	4.088200000000000e+02	409	1.029999999999973e+00	2.000000000000000e+00
4.18432943177499e-06  	4.098100000000000e+02	410	9.900000000000091e-01	1.000000000000000e+00
4.19254126504276e-06  	4.108400000000000e+02	411	1.029999999999973e+00	1.000000000000000e+00
4.2007048181047e-06   	4.118800000000000e+02	412	1.040000000000020e+00	1.000000000000000e+00
4.20882340244215e-06  	4.128700000000000e+02	413	9.900000000000091e-01	1.000000000000000e+00
4.21689546586151e-06  	4.138600000000000e+02	414	9.900000000000091e-01	1.000000000000000e+00
4.22492086213584e-06  	4.148700000000000e+02	415	1.009999999999991e+00	1.000000000000000e+00
4.23288685058613e-06  	4.158700000000000e+02	416	1.000000000000000e+00	1.000000000000000e+00
4.24079560549152e-06  	4.168400000000000e+02	417	9.699999999999704e-01	1.000000000000000e+00
4.24864729493024e-06  	4.178300000000000e+02	418	9.900000000000091e-01	1.000000000000000e+00
4.25644273193301e-06  	4.188300000000000e+02	419	1.000000000000000e+00	1.000000000000000e+00
4.26418271231038e-06  	4.198300000000000e+02	420	1.000000000000000e+00	1.000000000000000e+00
4.27186863213116e-06  	4.208000000000000e+02	420	9.700000000000273e-01	0.000000000000000e+00
4.27950062857283e-06  	4.217800000000000e+02	421	9.799999999999613e-01	1.000000000000000e+00
4.28708004890472e-06  	4.227600000000000e+02	422	9.800000000000182e-01	1.000000000000000e+00
4.29460820054473e-06  	4.237300000000000e+02	423	9.700000000000273e-01	1.000000000000000e+00
4.30208576846406e-06  	4.247300000000000e+02	424	1.000000000000000e+00	1.000000000000000e+00
4.30951342402379e-06  	4.257400000000000e+02	425	1.009999999999991e+00	1.000000000000000e+00
4.31689182533275e-06  	4.267400000000000e+02	426	1.000000000000000e+00	1.000000000000000e+00
4.32422217913454e-06  	4.277500000000000e+02	427	1.009999999999991e+00	1.000000000000000e+00
4.33150565795768e-06  	4.287400000000000e+02	428	9.900000000000091e-01	1.000000000000000e+00
4.33874230654634e-06  	4.297500000000000e+02	429	1.009999999999991e+00	1.000000000000000e+00
4.34593271978247e-06  	4.307200000000000e+02	430	9.700000000000273e-01	1.000000000000000e+00
4.35307801501517e-06  	4.317000000000000e+02	431	9.799999999999613e-01	1.000000000000000e+00
4.36017875161391e-06  	4.326800000000000e+02	432	9.800000000000182e-01	1.000000000000000e+00
4.36723599934475e-06  	4.336500000000000e+02	433	9.699999999999704e-01	1.000000000000000e+00
4.37424977008187e-06  	4.346300000000000e+02	434	9.800000000000182e-01	1.000000000000000e+00
4.3812205931049e-06   	4.356300000000000e+02	435	1.000000000000000e+00	1.000000000000000e+00
4.38814949016337e-06  	4.366200000000000e+02	436	9.900000000000091e-01	1.000000000000000e+00
4.39503745576454e-06  	4.376200000000000e+02	437	1.000000000000000e+00	1.000000000000000e+00
4.40188447736049e-06  	4.386300000000000e+02	438	1.009999999999991e+00	1.000000000000000e+00
4.40869152061901e-06  	4.396300000000000e+02	439	1.000000000000000e+00	1.000000000000000e+00
4.41545952603387e-06  	4.406300000000000e+02	440	1.000000000000000e+00	1.000000000000000e+00
4.42218893609258e-06  	4.416100000000000e+02	441	9.800000000000182e-01	1.000000000000000e+00
4.42888065429351e-06  	4.425900000000000e+02	442	9.799999999999613e-01	1.000000000000000e+00
4.43553463461418e-06  	4.435700000000000e+02	443	9.800000000000182e-01	1.000000000000000e+00
4.44215221410073e-06  	4.445300000000000e+02	444	9.599999999999795e-01	1.000000000000000e+00
4.44873378637058e-06  	4.454900000000000e+02	445	9.600000000000364e-01	1.000000000000000e+00
4.45527973870418e-06  	4.464500000000000e+02	446	9.599999999999795e-01	1.000000000000000e+00
4.46179089587069e-06  	4.474000000000000e+02	447	9.499999999999886e-01	1.000000000000000e+00
4.46826762348944e-06  	4.483700000000000e+02	448	9.700000000000273e-01	1.000000000000000e+00
4.47471028145926e-06  	4.493200000000000e+02	449	9.499999999999886e-01	1.000000000000000e+00
4.48112008416465e-06  	4.503000000000000e+02	450	9.800000000000182e-01	1.000000000000000e+00
4.48749693708647e-06  	4.512500000000000e+02	451	9.499999999999886e-01	1.000000000000000e+00
4.49384159651671e-06  	4.522100000000000e+02	452	9.599999999999795e-01	1.000000000000000e+00
4.50015438377321e-06  	4.532000000000000e+02	453	9.900000000000091e-01	1.000000000000000e+00
4.50643644176664e-06  	4.541800000000000e+02	454	9.800000000000182e-01	1.000000000000000e+00
4.51268724778603e-06  	4.551600000000000e+02	455	9.800000000000182e-01	1.000000000000000e+00
4.51890751439747e-06  	4.561600000000000e+02	456	1.000000000000000e+00	1.000000000000000e+00
4.52509713532873e-06  	4.571200000000000e+02	457	9.599999999999795e-01	1.000000000000000e+00
4.53125720390507e-06  	4.581000000000000e+02	458	9.800000000000182e-01	1.000000000000000e+00
4.53738721178976e-06  	4.590500000000000e+02	459	9.499999999999886e-01	1.000000000000000e+00
4.54348822877629e-06  	4.600000000000000e+02	460	9.499999999999886e-01	1.000000000000000e+00
4.54956013970887e-06  	4.610000000000000e+02	461	1.000000000000000e+00	1.000000000000000e+00
4.55560321915555e-06  	4.619700000000000e+02	462	9.700000000000273e-01	1.000000000000000e+00
4.56161811686042e-06  	4.629500000000000e+02	463	9.799999999999613e-01	1.000000000000000e+00
4.56760509270153e-06  	4.639200000000000e+02	464	9.700000000000273e-01	1.000000000000000e+00
4.57356477514125e-06  	4.648800000000000e+02	465	9.599999999999795e-01	1.000000000000000e+00
4.57949777907217e-06  	4.658400000000000e+02	466	9.599999999999795e-01	1.000000000000000e+00
4.58540397505019e-06  	4.667900000000000e+02	466	9.500000000000455e-01	0.000000000000000e+00
4.59128396494512e-06  	4.677500000000000e+02	467	9.599999999999795e-01	1.000000000000000e+00
4.59713726040739e-06  	4.687100000000000e+02	468	9.599999999999795e-01	1.000000000000000e+00
4.60296445700766e-06  	4.696800000000000e+02	469	9.700000000000273e-01	1.000000000000000e+00
4.60876507938045e-06  	4.706500000000000e+02	470	9.699999999999704e-01	1.000000000000000e+00
4.6145397167629e-06   	4.716100000000000e+02	471	9.600000000000364e-01	1.000000000000000e+00
4.62028859937399e-06  	4.725600000000000e+02	472	9.499999999999886e-01	1.000000000000000e+00
4.62601195439353e-06  	4.735100000000000e+02	473	9.499999999999886e-01	1.000000000000000e+00
4.63171000601533e-06  	4.744600000000000e+02	474	9.499999999999886e-01	1.000000000000000e+00
4.63738297549924e-06  	4.754000000000000e+02	475	9.399999999999977e-01	1.000000000000000e+00
4.64303141576604e-06  	4.763600000000000e+02	476	9.600000000000364e-01	1.000000000000000e+00
4.64865553659083e-06  	4.773200000000000e+02	477	9.599999999999795e-01	1.000000000000000e+00
4.65425587398443e-06  	4.782800000000000e+02	478	9.599999999999795e-01	1.000000000000000e+00
4.65983262687242e-06  	4.792300000000000e+02	479	9.500000000000455e-01	1.000000000000000e+00
4.66538599170077e-06  	4.801900000000000e+02	480	9.599999999999795e-01	1.000000000000000e+00
4.67091680413961e-06  	4.811600000000000e+02	481	9.700000000000273e-01	1.000000000000000e+00
4.6764252453274e-06   	4.821000000000000e+02	482	9.399999999999977e-01	1.000000000000000e+00
4.68191149423414e-06  	4.830400000000000e+02	483	9.399999999999977e-01	1.000000000000000e+00
4.68737604095809e-06  	4.839900000000000e+02	484	9.499999999999886e-01	1.000000000000000e+00
4.6928190552896e-06   	4.849400000000000e+02	485	9.499999999999886e-01	1.000000000000000e+00
4.698240705039e-06    	4.859000000000000e+02	486	9.599999999999795e-01	1.000000000000000e+00
4.70364146211113e-06  	4.868600000000000e+02	487	9.600000000000364e-01	1.000000000000000e+00
4.70902178949019e-06  	4.878200000000000e+02	488	9.599999999999795e-01	1.000000000000000e+00
4.7143818400139e-06   	4.887600000000000e+02	488	9.399999999999977e-01	0.000000000000000e+00
4.71972176481552e-06  	4.897200000000000e+02	489	9.600000000000364e-01	1.000000000000000e+00
4.7250420104035e-06   	4.906700000000000e+02	490	9.499999999999886e-01	1.000000000000000e+00
4.73034301513224e-06  	4.916100000000000e+02	491	9.399999999999977e-01	1.000000000000000e+00
4.73562491661169e-06  	4.925500000000000e+02	492	9.399999999999977e-01	1.000000000000000e+00
4.74088785098456e-06  	4.934900000000000e+02	493	9.399999999999977e-01	1.000000000000000e+00
4.74613224165562e-06  	4.944500000000000e+02	494	9.599999999999795e-01	1.000000000000000e+00
4.75135821783153e-06  	4.954000000000000e+02	495	9.499999999999886e-01	1.000000000000000e+00
4.75656619212111e-06  	4.963500000000000e+02	496	9.500000000000455e-01	1.000000000000000e+00
4.76175628714633e-06  	4.973200000000000e+02	497	9.699999999999704e-01	1.000000000000000e+00
4.76692862428384e-06  	4.982600000000000e+02	498	9.399999999999977e-01	1.000000000000000e+00
4.77208332368171e-06  	4.992500000000000e+02	499	9.900000000000091e-01	1.000000000000000e+00
4.777220504276e-06    	5.002200000000000e+02	500	9.700000000000273e-01	1.000000000000000e+00
4.78234028380693e-06  	5.011900000000000e+02	501	9.699999999999704e-01	1.000000000000000e+00
4.78744277883486e-06  	5.021500000000000e+02	502	9.599999999999795e-01	1.000000000000000e+00
4.79252810475598e-06  	5.031200000000000e+02	503	9.700000000000273e-01	1.000000000000000e+00
4.79759637581774e-06  	5.040600000000000e+02	504	9.399999999999977e-01	1.000000000000000e+00
4.80264770513404e-06  	5.050000000000000e+02	505	9.399999999999977e-01	1.000000000000000e+00
4.80768220470011e-06  	5.059400000000000e+02	506	9.399999999999977e-01	1.000000000000000e+00
4.81269998540726e-06  	5.068700000000000e+02	507	9.300000000000068e-01	1.000000000000000e+00
4.81770115705726e-06  	5.078100000000000e+02	507	9.399999999999977e-01	0.000000000000000e+00
4.82268504536195e-06  	5.087400000000000e+02	508	9.300000000000068e-01	1.000000000000000e+00
4.82765176847183e-06  	5.096600000000000e+02	509	9.200000000000159e-01	1.000000000000000e+00
4.8326017007666e-06   	5.106200000000000e+02	510	9.599999999999795e-01	1.000000000000000e+00
4.83753495452738e-06  	5.115500000000000e+02	511	9.300000000000068e-01	1.000000000000000e+00
4.84245164091568e-06  	5.125000000000000e+02	512	9.499999999999886e-01	1.000000000000000e+00
4.84735186998819e-06  	5.134200000000000e+02	513	9.199999999999591e-01	1.000000000000000e+00
4.85223600139821e-06  	5.143600000000000e+02	514	9.400000000000546e-01	1.000000000000000e+00
4.85710413974554e-06  	5.153099999999999e+02	515	9.499999999999318e-01	1.000000000000000e+00
4.86195638861642e-06  	5.162300000000000e+02	516	9.200000000000728e-01	1.000000000000000e+00
4.86679309647669e-06  	5.171799999999999e+02	517	9.499999999999318e-01	1.000000000000000e+00
4.87161460612666e-06  	5.181000000000000e+02	518	9.200000000000728e-01	1.000000000000000e+00
4.87642076918399e-06  	5.190400000000000e+02	519	9.399999999999409e-01	1.000000000000000e+00
4.88121192357257e-06  	5.199600000000000e+02	520	9.200000000000728e-01	1.000000000000000e+00
4.88598816198966e-06  	5.208900000000000e+02	521	9.299999999999500e-01	1.000000000000000e+00
4.89074981464739e-06  	5.218300000000000e+02	522	9.400000000000546e-01	1.000000000000000e+00
4.89549696963542e-06  	5.227700000000000e+02	522	9.399999999999409e-01	0.000000000000000e+00
4.90022971425002e-06  	5.237300000000000e+02	523	9.600000000000364e-01	1.000000000000000e+00
4.9049483691218e-06   	5.246799999999999e+02	524	9.499999999999318e-01	1.000000000000000e+00
4.9096530172013e-06   	5.256300000000000e+02	525	9.500000000000455e-01	1.000000000000000e+00
4.9143439721114e-06   	5.266000000000000e+02	526	9.700000000000273e-01	1.000000000000000e+00
4.91902131266076e-06  	5.275400000000000e+02	527	9.399999999999409e-01	1.000000000000000e+00
4.92368511698152e-06  	5.285000000000000e+02	528	9.600000000000364e-01	1.000000000000000e+00
4.92833546253706e-06  	5.294400000000001e+02	529	9.400000000000546e-01	1.000000000000000e+00
4.93297265230086e-06  	5.303900000000000e+02	530	9.499999999999318e-01	1.000000000000000e+00
4.93759653495396e-06  	5.313500000000000e+02	531	9.600000000000364e-01	1.000000000000000e+00
4.94220740964306e-06  	5.323200000000001e+02	532	9.700000000000273e-01	1.000000000000000e+00
4.94680534872549e-06  	5.332500000000000e+02	533	9.299999999999500e-01	1.000000000000000e+00
4.9513904239583e-06   	5.341900000000001e+02	534	9.400000000000546e-01	1.000000000000000e+00
4.95596270650477e-06  	5.351600000000000e+02	535	9.699999999999136e-01	1.000000000000000e+00
4.9605220482151e-06   	5.361000000000000e+02	536	9.400000000000546e-01	1.000000000000000e+00
4.96506873902272e-06  	5.370599999999999e+02	537	9.599999999999227e-01	1.000000000000000e+00
4.96960284833861e-06  	5.379900000000000e+02	538	9.300000000000637e-01	1.000000000000000e+00
4.97412444500567e-06  	5.389400000000001e+02	539	9.500000000000455e-01	1.000000000000000e+00
4.97863359730495e-06  	5.399299999999999e+02	540	9.899999999998954e-01	1.000000000000000e+00
4.9831303729617e-06   	5.408700000000000e+02	541	9.400000000000546e-01	1.000000000000000e+00
4.98761483915138e-06  	5.418300000000000e+02	542	9.600000000000364e-01	1.000000000000000e+00
4.99174322610092e-06  	5.428000000000000e+02	542	9.699999999999136e-01	0.000000000000000e+00
4.99587161305046e-06  	5.437300000000000e+02	543	9.300000000000637e-01	1.000000000000000e+00
5e-06                 	5.446500000000000e+02	544	9.199999999999591e-01	1.000000000000000e+00
5.00443904490444e-06  	5.504500000000000e+02	550	5.800000000000068e+00	6.000000000000000e+00
5.00886650393479e-06  	5.513500000000000e+02	551	8.999999999999773e-01	1.000000000000000e+00
5.01328243687589e-06  	5.522700000000000e+02	552	9.199999999999591e-01	1.000000000000000e+00
5.01768690305243e-06  	5.532100000000000e+02	553	9.400000000000546e-01	1.000000000000000e+00
5.02208016452777e-06  	5.541200000000000e+02	554	9.099999999999682e-01	1.000000000000000e+00
5.02646227765112e-06  	5.550400000000000e+02	555	9.199999999999591e-01	1.000000000000000e+00
5.03083329834895e-06  	5.559400000000001e+02	556	9.000000000000909e-01	1.000000000000000e+00
5.03519368249503e-06  	5.568500000000000e+02	557	9.099999999999682e-01	1.000000000000000e+00
5.03954328201491e-06  	5.578000000000000e+02	558	9.499999999999318e-01	1.000000000000000e+00
5.0438823478919e-06   	5.587100000000000e+02	558	9.100000000000819e-01	0.000000000000000e+00
5.04821112787239e-06  	5.596400000000000e+02	559	9.299999999999500e-01	1.000000000000000e+00
5.05252947373705e-06  	5.605599999999999e+02	560	9.199999999999591e-01	1.000000000000000e+00
5.05683782615225e-06  	5.614600000000000e+02	561	9.000000000000909e-01	1.000000000000000e+00
5.06113623081424e-06  	5.623900000000000e+02	562	9.299999999999500e-01	1.000000000000000e+00
5.06542473310754e-06  	5.632900000000000e+02	563	8.999999999999773e-01	1.000000000000000e+00
5.06970357095254e-06  	5.642300000000000e+02	564	9.400000000000546e-01	1.000000000000000e+00
5.07397259539059e-06  	5.651700000000000e+02	565	9.399999999999409e-01	1.000000000000000e+00
5.078232042012e-06    	5.661000000000000e+02	566	9.300000000000637e-01	1.000000000000000e+00
5.08248157274388e-06  	5.670599999999999e+02	567	9.599999999999227e-01	1.000000000000000e+00
5.0867216119839e-06   	5.680000000000000e+02	568	9.400000000000546e-01	1.000000000000000e+00
5.09095201305308e-06  	5.689400000000001e+02	569	9.400000000000546e-01	1.000000000000000e+00
5.09517300695955e-06  	5.698800000000000e+02	570	9.399999999999409e-01	1.000000000000000e+00
5.09938463503237e-06  	5.708400000000000e+02	571	9.600000000000364e-01	1.000000000000000e+00
5.10358693832976e-06  	5.717600000000000e+02	571	9.199999999999591e-01	0.000000000000000e+00
5.10778014291912e-06  	5.727200000000000e+02	572	9.600000000000364e-01	1.000000000000000e+00
5.11196410323027e-06  	5.736300000000000e+02	573	9.099999999999682e-01	1.000000000000000e+00
5.11613904321165e-06  	5.745300000000000e+02	574	8.999999999999773e-01	1.000000000000000e+00
5.12030463549178e-06  	5.754400000000001e+02	575	9.100000000000819e-01	1.000000000000000e+00
5.12446128559975e-06  	5.763600000000000e+02	576	9.199999999999591e-01	1.000000000000000e+00
5.12860903145594e-06  	5.772800000000000e+02	577	9.199999999999591e-01	1.000000000000000e+00
5.1327477301851e-06   	5.782000000000000e+02	578	9.200000000000728e-01	1.000000000000000e+00
5.13687778034922e-06  	5.791000000000000e+02	579	8.999999999999773e-01	1.000000000000000e+00
5.14099885955421e-06  	5.800100000000000e+02	580	9.099999999999682e-01	1.000000000000000e+00
5.14511136285519e-06  	5.809299999999999e+02	581	9.199999999999591e-01	1.000000000000000e+00
5.1492153255012e-06   	5.818400000000000e+02	582	9.100000000000819e-01	1.000000000000000e+00
5.15331078252514e-06  	5.827500000000000e+02	582	9.099999999999682e-01	0.000000000000000e+00
5.15739794486322e-06  	5.836500000000000e+02	583	8.999999999999773e-01	1.000000000000000e+00
5.16147684569132e-06  	5.845800000000000e+02	584	9.300000000000637e-01	1.000000000000000e+00
5.16554751798742e-06  	5.855000000000000e+02	585	9.199999999999591e-01	1.000000000000000e+00
5.16961016856712e-06  	5.864200000000000e+02	586	9.199999999999591e-01	1.000000000000000e+00
5.17366465528444e-06  	5.873400000000000e+02	587	9.200000000000728e-01	1.000000000000000e+00
5.17771135589233e-06  	5.882600000000000e+02	588	9.199999999999591e-01	1.000000000000000e+00
5.18175012787649e-06  	5.891799999999999e+02	589	9.199999999999591e-01	1.000000000000000e+00
5.18578117327536e-06  	5.901000000000000e+02	590	9.200000000000728e-01	1.000000000000000e+00
5.18980452126936e-06  	5.910200000000000e+02	591	9.199999999999591e-01	1.000000000000000e+00
5.19382020087456e-06  	5.919100000000000e+02	592	8.899999999999864e-01	1.000000000000000e+00
5.19782824094386e-06  	5.928099999999999e+02	593	8.999999999999773e-01	1.000000000000000e+00
5.20182883898407e-06  	5.937100000000000e+02	593	9.000000000000909e-01	0.000000000000000e+00
5.20582185407025e-06  	5.946100000000000e+02	594	8.999999999999773e-01	1.000000000000000e+00
5.20980748214568e-06  	5.955300000000000e+02	595	9.199999999999591e-01	1.000000000000000e+00
5.21378575018269e-06  	5.964299999999999e+02	596	8.999999999999773e-01	1.000000000000000e+00
5.21775668500673e-06  	5.973200000000001e+02	597	8.900000000001000e-01	1.000000000000000e+00
5.22172031329741e-06  	5.982400000000000e+02	598	9.199999999999591e-01	1.000000000000000e+00
5.22567666158956e-06  	5.991400000000000e+02	599	8.999999999999773e-01	1.000000000000000e+00
5.22962592083359e-06  	6.000700000000001e+02	600	9.300000000000637e-01	1.000000000000000e+00
5.23356811609479e-06  	6.010000000000000e+02	601	9.299999999999500e-01	1.000000000000000e+00
5.23750310890648e-06  	6.019100000000000e+02	602	9.099999999999682e-01	1.000000000000000e+00
5.24143108805223e-06  	6.028400000000000e+02	603	9.300000000000637e-01	1.000000000000000e+00
5.24535207820044e-06  	6.037700000000000e+02	603	9.299999999999500e-01	0.000000000000000e+00
5.24926626557329e-06  	6.047200000000000e+02	604	9.500000000000455e-01	1.000000000000000e+00
5.25317351232522e-06  	6.056400000000000e+02	605	9.199999999999591e-01	1.000000000000000e+00
5.25707384274213e-06  	6.065700000000001e+02	606	9.300000000000637e-01	1.000000000000000e+00
5.26096744098967e-06  	6.074800000000000e+02	607	9.099999999999682e-01	1.000000000000000e+00
5.26485432999266e-06  	6.083900000000000e+02	608	9.099999999999682e-01	1.000000000000000e+00
5.26873453255953e-06  	6.093000000000000e+02	609	9.099999999999682e-01	1.000000000000000e+00
5.27260822977758e-06  	6.102100000000000e+02	610	9.100000000000819e-01	1.000000000000000e+00
5.27647528528747e-06  	6.111000000000000e+02	611	8.899999999999864e-01	1.000000000000000e+00
5.28033587889338e-06  	6.120100000000000e+02	612	9.099999999999682e-01	1.000000000000000e+00
5.2841900318931e-06   	6.129000000000000e+02	613	8.899999999999864e-01	1.000000000000000e+00
5.28803776547972e-06  	6.138000000000000e+02	614	8.999999999999773e-01	1.000000000000000e+00
5.29187910074231e-06  	6.146900000000001e+02	614	8.900000000001000e-01	0.000000000000000e+00
5.29571343762082e-06  	6.155900000000000e+02	615	8.999999999999773e-01	1.000000000000000e+00
5.29954095597197e-06  	6.165200000000000e+02	616	9.299999999999500e-01	1.000000000000000e+00
5.30336167972909e-06  	6.174200000000000e+02	617	8.999999999999773e-01	1.000000000000000e+00
5.30717563270022e-06  	6.183300000000000e+02	618	9.100000000000819e-01	1.000000000000000e+00
5.31098314473751e-06  	6.192200000000000e+02	619	8.899999999999864e-01	1.000000000000000e+00
5.31478377959563e-06  	6.201500000000000e+02	620	9.299999999999500e-01	1.000000000000000e+00
5.31857801787335e-06  	6.210599999999999e+02	621	9.099999999999682e-01	1.000000000000000e+00
5.32236557775742e-06  	6.219500000000000e+02	622	8.900000000001000e-01	1.000000000000000e+00
5.32614663344521e-06  	6.228700000000000e+02	623	9.199999999999591e-01	1.000000000000000e+00
5.32992135747402e-06  	6.237800000000000e+02	623	9.099999999999682e-01	0.000000000000000e+00
5.33368962076433e-06  	6.246700000000000e+02	624	8.899999999999864e-01	1.000000000000000e+00
5.33745144513863e-06  	6.255599999999999e+02	625	8.899999999999864e-01	1.000000000000000e+00
5.34120700129807e-06  	6.264500000000000e+02	626	8.900000000001000e-01	1.000000000000000e+00
5.3449561613503e-06   	6.273600000000000e+02	627	9.099999999999682e-01	1.000000000000000e+00
5.34869909479325e-06  	6.282600000000000e+02	628	8.999999999999773e-01	1.000000000000000e+00
5.35243582202993e-06  	6.291700000000000e+02	629	9.099999999999682e-01	1.000000000000000e+00
5.35616651040904e-06  	6.300800000000000e+02	630	9.100000000000819e-01	1.000000000000000e+00
5.35989103260374e-06  	6.310100000000000e+02	631	9.299999999999500e-01	1.000000000000000e+00
5.36360955482163e-06  	6.319299999999999e+02	632	9.199999999999591e-01	1.000000000000000e+00
5.36732209612818e-06  	6.328500000000000e+02	633	9.200000000000728e-01	1.000000000000000e+00
5.37102867549851e-06  	6.337700000000000e+02	633	9.199999999999591e-01	0.000000000000000e+00
5.37472931181795e-06  	6.346700000000000e+02	634	8.999999999999773e-01	1.000000000000000e+00
5.37842402388262e-06  	6.355900000000000e+02	635	9.200000000000728e-01	1.000000000000000e+00
5.38211297421307e-06  	6.365100000000000e+02	636	9.199999999999591e-01	1.000000000000000e+00
5.38579618052806e-06  	6.374100000000000e+02	637	8.999999999999773e-01	1.000000000000000e+00
5.38947366046507e-06  	6.383300000000000e+02	638	9.200000000000728e-01	1.000000000000000e+00
5.39314543158082e-06  	6.392500000000000e+02	639	9.199999999999591e-01	1.000000000000000e+00
5.39681151135174e-06  	6.401400000000000e+02	640	8.899999999999864e-01	1.000000000000000e+00
5.40047205880913e-06  	6.410700000000001e+02	641	9.300000000000637e-01	1.000000000000000e+00
5.40412694919823e-06  	6.419900000000000e+02	642	9.199999999999591e-01	1.000000000000000e+00
5.40777634054312e-06  	6.428900000000000e+02	643	8.999999999999773e-01	1.000000000000000e+00
5.41142024915514e-06  	6.438099999999999e+02	644	9.199999999999591e-01	1.000000000000000e+00
5.4150586912735e-06   	6.447100000000000e+02	644	9.000000000000909e-01	0.000000000000000e+00
5.41869168306565e-06  	6.456200000000000e+02	645	9.099999999999682e-01	1.000000000000000e+00
5.4223193797639e-06   	6.465400000000000e+02	646	9.199999999999591e-01	1.000000000000000e+00
5.42594165784204e-06  	6.474800000000000e+02	647	9.400000000000546e-01	1.000000000000000e+00
5.42955867158519e-06  	6.483900000000000e+02	648	9.099999999999682e-01	1.000000000000000e+00
5.43317043607223e-06  	6.493000000000000e+02	649	9.099999999999682e-01	1.000000000000000e+00
5.4367769663176e-06   	6.502200000000000e+02	650	9.200000000000728e-01	1.000000000000000e+00
5.44037841442796e-06  	6.511200000000000e+02	651	8.999999999999773e-01	1.000000000000000e+00
5.44397465773767e-06  	6.520400000000000e+02	652	9.199999999999591e-01	1.000000000000000e+00
5.44756584745823e-06  	6.529299999999999e+02	653	8.899999999999864e-01	1.000000000000000e+00
5.45115199758159e-06  	6.538300000000000e+02	654	9.000000000000909e-01	1.000000000000000e+00
5.45473312204195e-06  	6.547500000000000e+02	654	9.199999999999591e-01	0.000000000000000e+00
5.45830923471605e-06  	6.556500000000000e+02	655	8.999999999999773e-01	1.000000000000000e+00
5.46188048432e-06     	6.565599999999999e+02	656	9.099999999999682e-01	1.000000000000000e+00
5.46544674934379e-06  	6.574700000000000e+02	657	9.100000000000819e-01	1.000000000000000e+00
5.46900817766095e-06  	6.583600000000000e+02	658	8.899999999999864e-01	1.000000000000000e+00
5.47256478219168e-06  	6.592600000000000e+02	659	8.999999999999773e-01	1.000000000000000e+00
5.47611670926558e-06  	6.601799999999999e+02	660	9.199999999999591e-01	1.000000000000000e+00
5.47966383787901e-06  	6.610800000000000e+02	661	9.000000000000909e-01	1.000000000000000e+00
5.48320618080006e-06  	6.619700000000000e+02	662	8.899999999999864e-01	1.000000000000000e+00
5.48674375074613e-06  	6.628600000000000e+02	663	8.899999999999864e-01	1.000000000000000e+00
5.49027656038427e-06  	6.637600000000000e+02	663	8.999999999999773e-01	0.000000000000000e+00
5.4938046223314e-06   	6.646500000000000e+02	664	8.899999999999864e-01	1.000000000000000e+00
5.49732794915456e-06  	6.655599999999999e+02	665	9.099999999999682e-01	1.000000000000000e+00
5.50084668438377e-06  	6.664600000000000e+02	666	9.000000000000909e-01	1.000000000000000e+00
5.50436070912405e-06  	6.673500000000000e+02	667	8.899999999999864e-01	1.000000000000000e+00
5.50787016612809e-06  	6.682400000000000e+02	668	8.899999999999864e-01	1.000000000000000e+00
5.51137506708632e-06  	6.691300000000000e+02	669	8.899999999999864e-01	1.000000000000000e+00
5.51487542364455e-06  	6.700400000000000e+02	670	9.099999999999682e-01	1.000000000000000e+00
5.51837137674983e-06  	6.709400000000001e+02	671	9.000000000000909e-01	1.000000000000000e+00
5.52186280827946e-06  	6.718300000000000e+02	672	8.899999999999864e-01	1.000000000000000e+00
5.52534985844524e-06  	6.727200000000000e+02	672	8.899999999999864e-01	0.000000000000000e+00
5.52883240968903e-06  	6.736100000000000e+02	673	8.899999999999864e-01	1.000000000000000e+00
5.5323106014931e-06   	6.745100000000000e+02	674	8.999999999999773e-01	1.000000000000000e+00
5.53578457234584e-06  	6.754000000000000e+02	675	8.899999999999864e-01	1.000000000000000e+00
5.53925420488193e-06  	6.762900000000000e+02	676	8.899999999999864e-01	1.000000000000000e+00
5.54271950976454e-06  	6.771900000000001e+02	677	9.000000000000909e-01	1.000000000000000e+00
5.54618062443569e-06  	6.781000000000000e+02	678	9.099999999999682e-01	1.000000000000000e+00
5.54963743234725e-06  	6.790000000000000e+02	679	8.999999999999773e-01	1.000000000000000e+00
5.55309007025366e-06  	6.799100000000000e+02	680	9.099999999999682e-01	1.000000000000000e+00
5.55653854805159e-06  	6.808200000000001e+02	681	9.100000000000819e-01	1.000000000000000e+00
5.55998287560272e-06  	6.817300000000000e+02	681	9.099999999999682e-01	0.000000000000000e+00
5.56342306273387e-06  	6.826600000000000e+02	682	9.299999999999500e-01	1.000000000000000e+00
5.56685924426199e-06  	6.835700000000001e+02	683	9.100000000000819e-01	1.000000000000000e+00
5.57029130462019e-06  	6.844700000000000e+02	684	8.999999999999773e-01	1.000000000000000e+00
5.57371937797731e-06  	6.853800000000000e+02	685	9.099999999999682e-01	1.000000000000000e+00
5.57714347344172e-06  	6.862800000000000e+02	686	8.999999999999773e-01	1.000000000000000e+00
5.58056360009076e-06  	6.871600000000000e+02	687	8.799999999999955e-01	1.000000000000000e+00
5.58397976697089e-06  	6.880500000000000e+02	688	8.899999999999864e-01	1.000000000000000e+00
5.58739198309785e-06  	6.889299999999999e+02	689	8.799999999999955e-01	1.000000000000000e+00
5.59080025745679e-06  	6.898200000000001e+02	690	8.900000000001000e-01	1.000000000000000e+00
5.59420472176541e-06  	6.907400000000000e+02	690	9.199999999999591e-01	0.000000000000000e+00
5.59760526190223e-06  	6.916400000000000e+02	691	8.999999999999773e-01	1.000000000000000e+00
5.6010020089783e-06   	6.925500000000000e+02	692	9.099999999999682e-01	1.000000000000000e+00
5.60439497130994e-06  	6.934500000000000e+02	693	9.000000000000909e-01	1.000000000000000e+00
5.60778415718631e-06  	6.943500000000000e+02	694	8.999999999999773e-01	1.000000000000000e+00
5.61116957486951e-06  	6.952700000000000e+02	695	9.199999999999591e-01	1.000000000000000e+00
5.61455123259468e-06  	6.961900000000001e+02	696	9.200000000000728e-01	1.000000000000000e+00
5.61792913857018e-06  	6.970900000000000e+02	697	8.999999999999773e-01	1.000000000000000e+00
5.62130342160838e-06  	6.979900000000000e+02	698	8.999999999999773e-01	1.000000000000000e+00
5.62467396896663e-06  	6.989000000000000e+02	699	9.099999999999682e-01	1.000000000000000e+00
5.62804090888925e-06  	6.997900000000000e+02	700	8.899999999999864e-01	1.000000000000000e+00
5.63140424896164e-06  	7.006799999999999e+02	700	8.899999999999864e-01	0.000000000000000e+00
5.63476411636474e-06  	7.015900000000000e+02	701	9.100000000000819e-01	1.000000000000000e+00
5.63812039876209e-06  	7.024800000000000e+02	702	8.899999999999864e-01	1.000000000000000e+00
5.64147310366886e-06  	7.034000000000000e+02	703	9.199999999999591e-01	1.000000000000000e+00
5.64482235745427e-06  	7.043200000000001e+02	704	9.200000000000728e-01	1.000000000000000e+00
5.64816804845642e-06  	7.052100000000000e+02	705	8.899999999999864e-01	1.000000000000000e+00
5.65151030251067e-06  	7.061200000000000e+02	706	9.099999999999682e-01	1.000000000000000e+00
5.65484912654979e-06  	7.070200000000000e+02	707	8.999999999999773e-01	1.000000000000000e+00
5.65818452748571e-06  	7.079400000000001e+02	708	9.200000000000728e-01	1.000000000000000e+00
5.66151651220961e-06  	7.088300000000000e+02	709	8.899999999999864e-01	1.000000000000000e+00
5.66484520503936e-06  	7.097200000000000e+02	709	8.899999999999864e-01	0.000000000000000e+00
5.66817049513753e-06  	7.106100000000000e+02	710	8.899999999999864e-01	1.000000000000000e+00
5.67149250631885e-06  	7.115000000000000e+02	711	8.899999999999864e-01	1.000000000000000e+00
5.67481112816988e-06  	7.124100000000000e+02	712	9.099999999999682e-01	1.000000000000000e+00
5.67812648400524e-06  	7.133200000000001e+02	713	9.100000000000819e-01	1.000000000000000e+00
5.68143858013264e-06  	7.142000000000000e+02	714	8.799999999999955e-01	1.000000000000000e+00
5.68474742284163e-06  	7.151000000000000e+02	715	8.999999999999773e-01	1.000000000000000e+00
5.68805313426349e-06  	7.159900000000000e+02	716	8.899999999999864e-01	1.000000000000000e+00
5.69135560456484e-06  	7.168800000000000e+02	717	8.899999999999864e-01	1.000000000000000e+00
5.69465483998185e-06  	7.177700000000000e+02	717	8.899999999999864e-01	0.000000000000000e+00
5.69795096193355e-06  	7.186600000000000e+02	718	8.899999999999864e-01	1.000000000000000e+00
5.70124397618218e-06  	7.195599999999999e+02	719	8.999999999999773e-01	1.000000000000000e+00
5.70453377369906e-06  	7.204400000000001e+02	720	8.800000000001091e-01	1.000000000000000e+00
5.70782001703308e-06  	7.213300000000000e+02	721	8.899999999999864e-01	1.000000000000000e+00
5.71110271373211e-06  	7.222300000000000e+02	722	8.999999999999773e-01	1.000000000000000e+00
5.71438187132014e-06  	7.231100000000000e+02	723	8.799999999999955e-01	1.000000000000000e+00
5.71765761110157e-06  	7.240000000000000e+02	724	8.899999999999864e-01	1.000000000000000e+00
5.72092982650395e-06  	7.249000000000000e+02	725	8.999999999999773e-01	1.000000000000000e+00
5.724198524981e-06    	7.257800000000000e+02	725	8.799999999999955e-01	0.000000000000000e+00
5.72746382705481e-06  	7.266799999999999e+02	726	8.999999999999773e-01	1.000000000000000e+00
5.73072562679783e-06  	7.275599999999999e+02	727	8.799999999999955e-01	1.000000000000000e+00
5.73398404421767e-06  	7.284500000000000e+02	728	8.900000000001000e-01	1.000000000000000e+00
5.73723908620509e-06  	7.293500000000000e+02	729	8.999999999999773e-01	1.000000000000000e+00
5.74049075962997e-06  	7.302300000000000e+02	730	8.799999999999955e-01	1.000000000000000e+00
5.74373907134133e-06  	7.311300000000000e+02	731	8.999999999999773e-01	1.000000000000000e+00
5.74698402816746e-06  	7.320100000000000e+02	732	8.799999999999955e-01	1.000000000000000e+00
5.75022563691598e-06  	7.329100000000000e+02	733	8.999999999999773e-01	1.000000000000000e+00
5.75346390437391e-06  	7.338000000000000e+02	734	8.899999999999864e-01	1.000000000000000e+00
5.75669894834795e-06  	7.346700000000000e+02	734	8.700000000000045e-01	0.000000000000000e+00
5.7599306643157e-06   	7.355700000000001e+02	735	9.000000000000909e-01	1.000000000000000e+00
5.76315916960298e-06  	7.364600000000000e+02	736	8.899999999999864e-01	1.000000000000000e+00
5.76638447047335e-06  	7.373500000000000e+02	737	8.899999999999864e-01	1.000000000000000e+00
5.76960646300351e-06  	7.382300000000000e+02	738	8.799999999999955e-01	1.000000000000000e+00
5.7728252638075e-06   	7.391200000000000e+02	739	8.899999999999864e-01	1.000000000000000e+00
5.77604098883433e-06  	7.400100000000000e+02	740	8.899999999999864e-01	1.000000000000000e+00
5.77925353431715e-06  	7.409000000000000e+02	741	8.899999999999864e-01	1.000000000000000e+00
5.78246290642921e-06  	7.418099999999999e+02	742	9.099999999999682e-01	1.000000000000000e+00
5.78566911132588e-06  	7.427100000000000e+02	742	9.000000000000909e-01	0.000000000000000e+00
5.78887215514476e-06  	7.435900000000000e+02	743	8.799999999999955e-01	1.000000000000000e+00
5.79207215269393e-06  	7.444900000000000e+02	744	8.999999999999773e-01	1.000000000000000e+00
5.79526910965902e-06  	7.453800000000000e+02	745	8.899999999999864e-01	1.000000000000000e+00
5.79846292342666e-06  	7.462700000000000e+02	746	8.899999999999864e-01	1.000000000000000e+00
5.80165370813948e-06  	7.471600000000000e+02	747	8.899999999999864e-01	1.000000000000000e+00
5.80484146943531e-06  	7.480599999999999e+02	748	8.999999999999773e-01	1.000000000000000e+00
5.80802621293636e-06  	7.489800000000000e+02	749	9.200000000000728e-01	1.000000000000000e+00
5.81120794424926e-06  	7.498700000000000e+02	750	8.899999999999864e-01	1.000000000000000e+00
5.81438666896512e-06  	7.507500000000000e+02	750	8.799999999999955e-01	0.000000000000000e+00
5.81756249974137e-06  	7.516500000000000e+02	751	8.999999999999773e-01	1.000000000000000e+00
5.82073533485457e-06  	7.525400000000000e+02	752	8.899999999999864e-01	1.000000000000000e+00
5.8239051798502e-06   	7.534299999999999e+02	753	8.899999999999864e-01	1.000000000000000e+00
5.82707214675406e-06  	7.543400000000000e+02	754	9.100000000000819e-01	1.000000000000000e+00
5.83023624069127e-06  	7.552300000000000e+02	755	8.899999999999864e-01	1.000000000000000e+00
5.83339736065634e-06  	7.561200000000000e+02	756	8.899999999999864e-01	1.000000000000000e+00
5.83655561805637e-06  	7.570000000000000e+02	757	8.799999999999955e-01	1.000000000000000e+00
5.83971101797534e-06  	7.579000000000000e+02	758	8.999999999999773e-01	1.000000000000000e+00
5.84286356548378e-06  	7.587800000000000e+02	758	8.799999999999955e-01	0.000000000000000e+00
5.84601326563881e-06  	7.596900000000001e+02	759	9.100000000000819e-01	1.000000000000000e+00
5.84916022866345e-06  	7.605900000000000e+02	760	8.999999999999773e-01	1.000000000000000e+00
5.85230435421935e-06  	7.614900000000000e+02	761	8.999999999999773e-01	1.000000000000000e+00
5.85544564732421e-06  	7.624000000000000e+02	762	9.099999999999682e-01	1.000000000000000e+00
5.85858421761201e-06  	7.633099999999999e+02	763	9.099999999999682e-01	1.000000000000000e+00
5.86172006970829e-06  	7.642500000000000e+02	764	9.400000000000546e-01	1.000000000000000e+00
5.86485310395231e-06  	7.651500000000000e+02	765	8.999999999999773e-01	1.000000000000000e+00
5.8679834294011e-06   	7.660300000000000e+02	766	8.799999999999955e-01	1.000000000000000e+00
5.87111105064477e-06  	7.669200000000000e+02	767	8.899999999999864e-01	1.000000000000000e+00
5.87423597226184e-06  	7.678099999999999e+02	768	8.899999999999864e-01	1.000000000000000e+00
5.8773581988193e-06   	7.687000000000000e+02	768	8.900000000001000e-01	0.000000000000000e+00
5.88047773487263e-06  	7.696100000000000e+02	769	9.099999999999682e-01	1.000000000000000e+00
5.88359468818648e-06  	7.704900000000000e+02	770	8.799999999999955e-01	1.000000000000000e+00
5.88670895989529e-06  	7.714000000000000e+02	771	9.099999999999682e-01	1.000000000000000e+00
5.8898205545207e-06   	7.723000000000000e+02	772	8.999999999999773e-01	1.000000000000000e+00
5.89292957927939e-06  	7.732000000000000e+02	773	9.000000000000909e-01	1.000000000000000e+00
5.89603593578775e-06  	7.741000000000000e+02	774	8.999999999999773e-01	1.000000000000000e+00
5.89913973090184e-06  	7.749900000000000e+02	775	8.899999999999864e-01	1.000000000000000e+00
5.90224096875799e-06  	7.758800000000000e+02	776	8.899999999999864e-01	1.000000000000000e+00
5.90533955144474e-06  	7.767700000000000e+02	776	8.899999999999864e-01	0.000000000000000e+00
5.90843558528419e-06  	7.776600000000000e+02	777	8.899999999999864e-01	1.000000000000000e+00
5.91152907438252e-06  	7.785599999999999e+02	778	8.999999999999773e-01	1.000000000000000e+00
5.91462002283605e-06  	7.794500000000000e+02	779	8.900000000001000e-01	1.000000000000000e+00
5.91770843473131e-06  	7.803500000000000e+02	780	8.999999999999773e-01	1.000000000000000e+00
5.92079441536454e-06  	7.812400000000000e+02	781	8.899999999999864e-01	1.000000000000000e+00
5.92387786741739e-06  	7.821200000000000e+02	782	8.799999999999955e-01	1.000000000000000e+00
5.92695879494753e-06  	7.830100000000000e+02	783	8.899999999999864e-01	1.000000000000000e+00
5.9300373027427e-06   	7.839100000000000e+02	784	8.999999999999773e-01	1.000000000000000e+00
5.93311329393678e-06  	7.848099999999999e+02	785	8.999999999999773e-01	1.000000000000000e+00
5.93618687298289e-06  	7.857100000000000e+02	785	9.000000000000909e-01	0.000000000000000e+00
5.93925804358257e-06  	7.865900000000000e+02	786	8.799999999999955e-01	1.000000000000000e+00
5.94232670931258e-06  	7.875000000000000e+02	787	9.099999999999682e-01	1.000000000000000e+00
5.94539307409353e-06  	7.883800000000000e+02	788	8.799999999999955e-01	1.000000000000000e+00
5.94845694167206e-06  	7.892800000000000e+02	789	8.999999999999773e-01	1.000000000000000e+00
5.95151841568197e-06  	7.901700000000000e+02	790	8.899999999999864e-01	1.000000000000000e+00
5.95457759928748e-06  	7.910500000000000e+02	791	8.799999999999955e-01	1.000000000000000e+00
5.95763439647921e-06  	7.919500000000000e+02	792	9.000000000000909e-01	1.000000000000000e+00
5.96068881090006e-06  	7.928500000000000e+02	793	8.999999999999773e-01	1.000000000000000e+00
5.96374084618466e-06  	7.937600000000000e+02	793	9.099999999999682e-01	0.000000000000000e+00
5.96679060486514e-06  	7.946600000000000e+02	794	8.999999999999773e-01	1.000000000000000e+00
5.9698379915001e-06   	7.955800000000000e+02	795	9.200000000000728e-01	1.000000000000000e+00
5.97288310831116e-06  	7.965000000000000e+02	796	9.199999999999591e-01	1.000000000000000e+00
5.97592586013601e-06  	7.973900000000000e+02	797	8.899999999999864e-01	1.000000000000000e+00
5.97896634888714e-06  	7.982900000000000e+02	798	8.999999999999773e-01	1.000000000000000e+00
5.98200457785538e-06  	7.992100000000000e+02	799	9.200000000000728e-01	1.000000000000000e+00
5.98504055032445e-06  	8.001200000000000e+02	800	9.099999999999682e-01	1.000000000000000e+00
5.98807426957097e-06  	8.010400000000000e+02	801	9.199999999999591e-01	1.000000000000000e+00
5.99110573886448e-06  	8.019500000000000e+02	802	9.100000000000819e-01	1.000000000000000e+00
5.99413496146747e-06  	8.028500000000000e+02	803	8.999999999999773e-01	1.000000000000000e+00
5.99716194063538e-06  	8.037400000000000e+02	803	8.899999999999864e-01	0.000000000000000e+00
6.0001867769471e-06   	8.046300000000000e+02	804	8.899999999999864e-01	1.000000000000000e+00
6.00320937616968e-06  	8.055300000000000e+02	805	8.999999999999773e-01	1.000000000000000e+00
6.00622974153788e-06  	8.064299999999999e+02	806	8.999999999999773e-01	1.000000000000000e+00
6.00924797319476e-06  	8.073300000000000e+02	807	9.000000000000909e-01	1.000000000000000e+00
6.01226397730292e-06  	8.082300000000000e+02	808	8.999999999999773e-01	1.000000000000000e+00
6.01527785371859e-06  	8.091400000000000e+02	809	9.099999999999682e-01	1.000000000000000e+00
6.01828950886476e-06  	8.100500000000000e+02	810	9.099999999999682e-01	1.000000000000000e+00
6.02129904231202e-06  	8.109700000000000e+02	811	9.200000000000728e-01	1.000000000000000e+00
6.02430645697994e-06  	8.118900000000000e+02	812	9.199999999999591e-01	1.000000000000000e+00
6.02731175578208e-06  	8.127700000000000e+02	812	8.799999999999955e-01	0.000000000000000e+00
6.03031494162607e-06  	8.136700000000000e+02	813	8.999999999999773e-01	1.000000000000000e+00
6.03331601741357e-06  	8.145900000000000e+02	814	9.200000000000728e-01	1.000000000000000e+00
6.03631498604034e-06  	8.155200000000000e+02	815	9.299999999999500e-01	1.000000000000000e+00
6.03931185039621e-06  	8.164700000000000e+02	816	9.500000000000455e-01	1.000000000000000e+00
6.04230661336512e-06  	8.173800000000000e+02	817	9.099999999999682e-01	1.000000000000000e+00
6.0452993731481e-06   	8.182900000000000e+02	818	9.099999999999682e-01	1.000000000000000e+00
6.04829003716093e-06  	8.192200000000000e+02	819	9.300000000000637e-01	1.000000000000000e+00
6.05127860827022e-06  	8.201400000000000e+02	820	9.199999999999591e-01	1.000000000000000e+00
6.0542651842753e-06   	8.210800000000000e+02	821	9.400000000000546e-01	1.000000000000000e+00
6.05724976777486e-06  	8.220000000000000e+02	822	9.199999999999591e-01	1.000000000000000e+00
6.06023226667105e-06  	8.229000000000000e+02	823	8.999999999999773e-01	1.000000000000000e+00
6.06321277837018e-06  	8.238200000000001e+02	824	9.200000000000728e-01	1.000000000000000e+00
6.06619130545566e-06  	8.248099999999999e+02	825	9.899999999998954e-01	1.000000000000000e+00
6.06916785050587e-06  	8.257900000000000e+02	826	9.800000000000182e-01	1.000000000000000e+00
6.07214241609424e-06  	8.267200000000000e+02	826	9.300000000000637e-01	0.000000000000000e+00
6.07511500478921e-06  	8.276500000000000e+02	827	9.299999999999500e-01	1.000000000000000e+00
6.0780856191543e-06   	8.286200000000000e+02	828	9.700000000000273e-01	1.000000000000000e+00
6.08105426174804e-06  	8.296300000000000e+02	829	1.009999999999991e+00	1.000000000000000e+00
6.08402093512407e-06  	8.306500000000000e+02	830	1.019999999999982e+00	1.000000000000000e+00
6.08698573542286e-06  	8.316200000000000e+02	831	9.700000000000273e-01	1.000000000000000e+00
6.08994857147247e-06  	8.325500000000000e+02	832	9.299999999999500e-01	1.000000000000000e+00
6.09290944581205e-06  	8.335100000000000e+02	833	9.600000000000364e-01	1.000000000000000e+00
6.09586845421117e-06  	8.344600000000000e+02	834	9.500000000000455e-01	1.000000000000000e+00
6.09882559896147e-06  	8.353900000000000e+02	835	9.299999999999500e-01	1.000000000000000e+00
6.10178078934387e-06  	8.363099999999999e+02	836	9.199999999999591e-01	1.000000000000000e+00
6.10473412076523e-06  	8.372300000000000e+02	837	9.200000000000728e-01	1.000000000000000e+00
6.10768559550447e-06  	8.381600000000000e+02	838	9.299999999999500e-01	1.000000000000000e+00
6.11063512317715e-06  	8.391500000000000e+02	839	9.900000000000091e-01	1.000000000000000e+00
6.11358279882944e-06  	8.401400000000000e+02	840	9.900000000000091e-01	1.000000000000000e+00
6.11652862472763e-06  	8.410900000000000e+02	841	9.500000000000455e-01	1.000000000000000e+00
6.11947241851213e-06  	8.420000000000000e+02	842	9.099999999999682e-01	1.000000000000000e+00
6.12241409074317e-06  	8.429600000000000e+02	843	9.600000000000364e-01	1.000000000000000e+00
6.12535364441017e-06  	8.439500000000000e+02	844	9.900000000000091e-01	1.000000000000000e+00
6.12829099058357e-06  	8.449000000000000e+02	845	9.499999999999318e-01	1.000000000000000e+00
6.13122622428512e-06  	8.458700000000000e+02	846	9.700000000000273e-01	1.000000000000000e+00
6.13415934848522e-06  	8.468800000000000e+02	847	1.009999999999991e+00	1.000000000000000e+00
6.13709036614803e-06  	8.478800000000000e+02	848	1.000000000000000e+00	1.000000000000000e+00
6.14001918884005e-06  	8.489299999999999e+02	849	1.049999999999955e+00	1.000000000000000e+00
6.1429459110356e-06   	8.499100000000000e+02	850	9.800000000000182e-01	1.000000000000000e+00
6.14587053568002e-06  	8.508700000000000e+02	851	9.600000000000364e-01	1.000000000000000e+00
6.14879306571254e-06  	8.518200000000001e+02	852	9.500000000000455e-01	1.000000000000000e+00
6.15171359494653e-06  	8.528000000000000e+02	853	9.799999999999045e-01	1.000000000000000e+00
6.15463203529871e-06  	8.537600000000000e+02	853	9.600000000000364e-01	0.000000000000000e+00
6.15754829906393e-06  	8.547500000000000e+02	854	9.900000000000091e-01	1.000000000000000e+00
6.16046247991298e-06  	8.557300000000000e+02	855	9.800000000000182e-01	1.000000000000000e+00
6.16337458075459e-06  	8.566700000000000e+02	856	9.399999999999409e-01	1.000000000000000e+00
6.16628460449146e-06  	8.576000000000000e+02	857	9.300000000000637e-01	1.000000000000000e+00
6.16919255402027e-06  	8.585500000000000e+02	858	9.499999999999318e-01	1.000000000000000e+00
6.17209852222758e-06  	8.595200000000000e+02	859	9.700000000000273e-01	1.000000000000000e+00
6.17500251175026e-06  	8.605000000000000e+02	860	9.800000000000182e-01	1.000000000000000e+00
6.17790452521994e-06  	8.614500000000000e+02	861	9.500000000000455e-01	1.000000000000000e+00
6.18080456526305e-06  	8.623800000000000e+02	862	9.299999999999500e-01	1.000000000000000e+00
6.18370263450084e-06  	8.633900000000000e+02	863	1.009999999999991e+00	1.000000000000000e+00
6.18659873554935e-06  	8.644100000000000e+02	864	1.019999999999982e+00	1.000000000000000e+00
6.1894927817384e-06   	8.653500000000000e+02	865	9.400000000000546e-01	1.000000000000000e+00
6.1923848650759e-06   	8.663400000000000e+02	866	9.900000000000091e-01	1.000000000000000e+00
6.1952748100893e-06   	8.673200000000001e+02	867	9.800000000000182e-01	1.000000000000000e+00
6.19816270877749e-06  	8.682900000000000e+02	868	9.699999999999136e-01	1.000000000000000e+00
6.20104865276085e-06  	8.692700000000000e+02	869	9.800000000000182e-01	1.000000000000000e+00
6.2039326446237e-06   	8.702700000000000e+02	870	1.000000000000000e+00	1.000000000000000e+00
6.20681468694527e-06  	8.713099999999999e+02	871	1.039999999999964e+00	1.000000000000000e+00
6.20969487074115e-06  	8.723400000000000e+02	872	1.030000000000086e+00	1.000000000000000e+00
6.21257311001965e-06  	8.733700000000000e+02	873	1.029999999999973e+00	1.000000000000000e+00
6.21544949555882e-06  	8.743600000000000e+02	874	9.900000000000091e-01	1.000000000000000e+00
6.21832402968818e-06  	8.754200000000000e+02	875	1.059999999999945e+00	1.000000000000000e+00
6.22119671473291e-06  	8.764299999999999e+02	876	1.009999999999991e+00	1.000000000000000e+00
6.22406755301385e-06  	8.774400000000001e+02	877	1.010000000000105e+00	1.000000000000000e+00
6.2269364590758e-06   	8.783900000000000e+02	878	9.499999999999318e-01	1.000000000000000e+00
6.22980352311533e-06  	8.793600000000000e+02	879	9.700000000000273e-01	1.000000000000000e+00
6.23266874744011e-06  	8.802700000000000e+02	880	9.099999999999682e-01	1.000000000000000e+00
6.23553204691649e-06  	8.811799999999999e+02	881	9.099999999999682e-01	1.000000000000000e+00
6.23839342407029e-06  	8.821000000000000e+02	882	9.200000000000728e-01	1.000000000000000e+00
6.24125288142241e-06  	8.829900000000000e+02	883	8.899999999999864e-01	1.000000000000000e+00
6.24411033440055e-06  	8.838900000000000e+02	884	8.999999999999773e-01	1.000000000000000e+00
6.2469658727207e-06   	8.847900000000000e+02	885	8.999999999999773e-01	1.000000000000000e+00
6.24981958574926e-06  	8.856900000000001e+02	885	9.000000000000909e-01	0.000000000000000e+00
6.25267147576278e-06  	8.865900000000000e+02	886	8.999999999999773e-01	1.000000000000000e+00
6.25552154503357e-06  	8.874800000000000e+02	887	8.899999999999864e-01	1.000000000000000e+00
6.25836988237117e-06  	8.884000000000000e+02	888	9.199999999999591e-01	1.000000000000000e+00
6.26121648982668e-06  	8.893300000000000e+02	889	9.300000000000637e-01	1.000000000000000e+00
6.26406136944763e-06  	8.902400000000000e+02	890	9.099999999999682e-01	1.000000000000000e+00
6.26690452327791e-06  	8.911799999999999e+02	891	9.399999999999409e-01	1.000000000000000e+00
6.26974595335784e-06  	8.920900000000000e+02	892	9.100000000000819e-01	1.000000000000000e+00
6.27258557569323e-06  	8.930100000000000e+02	893	9.199999999999591e-01	1.000000000000000e+00
6.27542347845232e-06  	8.938900000000000e+02	894	8.799999999999955e-01	1.000000000000000e+00
6.27825957784172e-06  	8.947800000000000e+02	894	8.899999999999864e-01	0.000000000000000e+00
6.28109387609745e-06  	8.956900000000001e+02	895	9.100000000000819e-01	1.000000000000000e+00
6.28392628984636e-06  	8.965800000000000e+02	896	8.899999999999864e-01	1.000000000000000e+00
6.28675699252888e-06  	8.974600000000000e+02	897	8.799999999999955e-01	1.000000000000000e+00
6.28958581536779e-06  	8.983800000000000e+02	898	9.199999999999591e-01	1.000000000000000e+00
6.29241284608411e-06  	8.993500000000000e+02	899	9.700000000000273e-01	1.000000000000000e+00
6.29523817207542e-06  	9.002600000000000e+02	900	9.099999999999682e-01	1.000000000000000e+00
6.29806179534511e-06  	9.012300000000000e+02	901	9.700000000000273e-01	1.000000000000000e+00
6.30088371789306e-06  	9.021900000000001e+02	902	9.600000000000364e-01	1.000000000000000e+00
6.30370402660336e-06  	9.030900000000000e+02	903	8.999999999999773e-01	1.000000000000000e+00
6.30652272327233e-06  	9.039900000000000e+02	904	8.999999999999773e-01	1.000000000000000e+00
6.30933972499442e-06  	9.049000000000000e+02	905	9.099999999999682e-01	1.000000000000000e+00
6.31215511835565e-06  	9.058600000000000e+02	906	9.600000000000364e-01	1.000000000000000e+00
6.31496882063759e-06  	9.068000000000000e+02	907	9.399999999999409e-01	1.000000000000000e+00
6.31778083381982e-06  	9.077500000000000e+02	907	9.500000000000455e-01	0.000000000000000e+00
6.32059115987851e-06  	9.086799999999999e+02	908	9.299999999999500e-01	1.000000000000000e+00
6.32339980078635e-06  	9.096400000000000e+02	909	9.600000000000364e-01	1.000000000000000e+00
6.32620667440651e-06  	9.105400000000000e+02	910	8.999999999999773e-01	1.000000000000000e+00
6.32901186691169e-06  	9.114800000000000e+02	911	9.400000000000546e-01	1.000000000000000e+00
6.33181538026417e-06  	9.124299999999999e+02	912	9.499999999999318e-01	1.000000000000000e+00
6.33461721642282e-06  	9.133900000000000e+02	913	9.600000000000364e-01	1.000000000000000e+00
6.33741729363377e-06  	9.143600000000000e+02	914	9.700000000000273e-01	1.000000000000000e+00
6.34021578127028e-06  	9.153000000000000e+02	915	9.399999999999409e-01	1.000000000000000e+00
6.34301268108868e-06  	9.162300000000000e+02	916	9.300000000000637e-01	1.000000000000000e+00
6.34580807827465e-06  	9.171500000000000e+02	917	9.199999999999591e-01	1.000000000000000e+00
6.34860189105198e-06  	9.180800000000000e+02	918	9.300000000000637e-01	1.000000000000000e+00
6.35139412116853e-06  	9.190200000000000e+02	919	9.399999999999409e-01	1.000000000000000e+00
6.35418485353075e-06  	9.199800000000000e+02	920	9.600000000000364e-01	1.000000000000000e+00
6.35697392355536e-06  	9.210000000000000e+02	921	1.019999999999982e+00	1.000000000000000e+00
6.35976149912397e-06  	9.220500000000000e+02	922	1.049999999999955e+00	1.000000000000000e+00
6.36254749890086e-06  	9.231100000000000e+02	923	1.060000000000059e+00	1.000000000000000e+00
6.36533184182388e-06  	9.241799999999999e+02	924	1.069999999999936e+00	1.000000000000000e+00
6.36811461251331e-06  	9.251500000000000e+02	925	9.700000000000273e-01	1.000000000000000e+00
6.37089573008802e-06  	9.261100000000000e+02	926	9.600000000000364e-01	1.000000000000000e+00
6.37367536149372e-06  	9.270700000000001e+02	927	9.600000000000364e-01	1.000000000000000e+00
6.37645334341339e-06  	9.280100000000000e+02	928	9.399999999999409e-01	1.000000000000000e+00
6.37922984242456e-06  	9.289900000000000e+02	929	9.800000000000182e-01	1.000000000000000e+00
6.38200477781366e-06  	9.299900000000000e+02	930	1.000000000000000e+00	1.000000000000000e+00
6.38477815129459e-06  	9.310000000000000e+02	931	1.009999999999991e+00	1.000000000000000e+00
6.38754996457844e-06  	9.320000000000000e+02	932	1.000000000000000e+00	1.000000000000000e+00
6.39032021937352e-06  	9.329600000000000e+02	933	9.600000000000364e-01	1.000000000000000e+00
6.39308891738537e-06  	9.339500000000000e+02	934	9.900000000000091e-01	1.000000000000000e+00
6.39585614211953e-06  	9.349299999999999e+02	935	9.799999999999045e-01	1.000000000000000e+00
6.3986218133814e-06   	9.359299999999999e+02	936	1.000000000000000e+00	1.000000000000000e+00
6.4013860144973e-06   	9.368600000000000e+02	937	9.300000000000637e-01	1.000000000000000e+00
6.40414874698603e-06  	9.378099999999999e+02	938	9.499999999999318e-01	1.000000000000000e+00
6.40691001236404e-06  	9.387500000000000e+02	938	9.400000000000546e-01	0.000000000000000e+00
6.40966973076905e-06  	9.396600000000000e+02	939	9.099999999999682e-01	1.000000000000000e+00
6.41242806646811e-06  	9.406000000000000e+02	940	9.400000000000546e-01	1.000000000000000e+00
6.41518485838321e-06  	9.415400000000000e+02	941	9.399999999999409e-01	1.000000000000000e+00
6.41794027044131e-06  	9.424299999999999e+02	942	8.899999999999864e-01	1.000000000000000e+00
6.42069414189472e-06  	9.433200000000001e+02	943	8.900000000001000e-01	1.000000000000000e+00
6.42344655537329e-06  	9.442200000000000e+02	944	8.999999999999773e-01	1.000000000000000e+00
6.42619751237719e-06  	9.451200000000000e+02	945	8.999999999999773e-01	1.000000000000000e+00
6.42894701440427e-06  	9.460000000000000e+02	946	8.799999999999955e-01	1.000000000000000e+00
6.4316950629501e-06   	9.468800000000000e+02	947	8.799999999999955e-01	1.000000000000000e+00
6.43444174013372e-06  	9.477400000000000e+02	947	8.600000000000136e-01	0.000000000000000e+00
6.43718688619228e-06  	9.486200000000000e+02	948	8.799999999999955e-01	1.000000000000000e+00
6.43993066370295e-06  	9.495000000000000e+02	949	8.799999999999955e-01	1.000000000000000e+00
6.44267299360699e-06  	9.504100000000000e+02	950	9.099999999999682e-01	1.000000000000000e+00
6.44541395768886e-06  	9.513000000000000e+02	951	8.899999999999864e-01	1.000000000000000e+00
6.44815347704588e-06  	9.521900000000001e+02	952	8.900000000001000e-01	1.000000000000000e+00
6.45089155315801e-06  	9.531000000000000e+02	953	9.099999999999682e-01	1.000000000000000e+00
6.45362826756127e-06  	9.539800000000000e+02	954	8.799999999999955e-01	1.000000000000000e+00
6.45636362156965e-06  	9.548700000000000e+02	955	8.899999999999864e-01	1.000000000000000e+00
6.45909753659123e-06  	9.557700000000000e+02	955	8.999999999999773e-01	0.000000000000000e+00
6.46183009391956e-06  	9.566500000000000e+02	956	8.799999999999955e-01	1.000000000000000e+00
6.46456121511744e-06  	9.575300000000000e+02	957	8.799999999999955e-01	1.000000000000000e+00
6.46729098131574e-06  	9.584000000000000e+02	958	8.700000000000045e-01	1.000000000000000e+00
6.47001939381884e-06  	9.592700000000000e+02	959	8.700000000000045e-01	1.000000000000000e+00
6.47274645392923e-06  	9.601700000000000e+02	960	8.999999999999773e-01	1.000000000000000e+00
6.47547208351325e-06  	9.610400000000000e+02	961	8.700000000000045e-01	1.000000000000000e+00
6.47819644274063e-06  	9.619100000000000e+02	962	8.700000000000045e-01	1.000000000000000e+00
6.48091937418991e-06  	9.627900000000000e+02	963	8.799999999999955e-01	1.000000000000000e+00
6.48364095851637e-06  	9.636700000000000e+02	963	8.799999999999955e-01	0.000000000000000e+00
6.48636119701313e-06  	9.645599999999999e+02	964	8.899999999999864e-01	1.000000000000000e+00
6.48908017002517e-06  	9.654600000000000e+02	965	9.000000000000909e-01	1.000000000000000e+00
6.49179779971013e-06  	9.663400000000000e+02	966	8.799999999999955e-01	1.000000000000000e+00
6.49451408735575e-06  	9.672700000000000e+02	967	9.299999999999500e-01	1.000000000000000e+00
6.4972290342479e-06   	9.681900000000001e+02	968	9.200000000000728e-01	1.000000000000000e+00
6.49994264167065e-06  	9.690700000000001e+02	969	8.799999999999955e-01	1.000000000000000e+00
6.50265498958659e-06  	9.699700000000000e+02	970	8.999999999999773e-01	1.000000000000000e+00
6.50536600051823e-06  	9.708500000000000e+02	971	8.799999999999955e-01	1.000000000000000e+00
6.50807575427876e-06  	9.717500000000000e+02	971	8.999999999999773e-01	0.000000000000000e+00
6.51078417353325e-06  	9.726600000000000e+02	972	9.099999999999682e-01	1.000000000000000e+00
6.5134913379459e-06   	9.735800000000000e+02	973	9.200000000000728e-01	1.000000000000000e+00
6.51619717032396e-06  	9.744700000000000e+02	974	8.899999999999864e-01	1.000000000000000e+00
6.51890175018306e-06  	9.753500000000000e+02	975	8.799999999999955e-01	1.000000000000000e+00
6.52160507864604e-06  	9.762500000000000e+02	976	8.999999999999773e-01	1.000000000000000e+00
6.52430707873048e-06  	9.771400000000000e+02	977	8.899999999999864e-01	1.000000000000000e+00
6.52700782973222e-06  	9.780500000000000e+02	978	9.099999999999682e-01	1.000000000000000e+00
6.52970733276954e-06  	9.789500000000000e+02	979	9.000000000000909e-01	1.000000000000000e+00
6.53240558895924e-06  	9.798500000000000e+02	980	8.999999999999773e-01	1.000000000000000e+00
6.53510259941662e-06  	9.807500000000000e+02	980	8.999999999999773e-01	0.000000000000000e+00
6.53779836525552e-06  	9.816600000000000e+02	981	9.099999999999682e-01	1.000000000000000e+00
6.5404928875883e-06   	9.825599999999999e+02	982	8.999999999999773e-01	1.000000000000000e+00
6.54318616752584e-06  	9.834900000000000e+02	983	9.300000000000637e-01	1.000000000000000e+00
6.54587820617754e-06  	9.843800000000000e+02	984	8.899999999999864e-01	1.000000000000000e+00
6.54856900465135e-06  	9.853000000000000e+02	985	9.199999999999591e-01	1.000000000000000e+00
6.55125856405373e-06  	9.861900000000001e+02	986	8.900000000001000e-01	1.000000000000000e+00
6.55394688548971e-06  	9.870800000000000e+02	987	8.899999999999864e-01	1.000000000000000e+00
6.5566340473334e-06   	9.879800000000000e+02	988	8.999999999999773e-01	1.000000000000000e+00
6.55931989614352e-06  	9.888700000000000e+02	989	8.899999999999864e-01	1.000000000000000e+00
6.56200435604078e-06  	9.898099999999999e+02	990	9.399999999999409e-01	1.000000000000000e+00
6.56468735137886e-06  	9.907000000000000e+02	990	8.900000000001000e-01	0.000000000000000e+00
6.56736896067337e-06  	9.916000000000000e+02	991	8.999999999999773e-01	1.000000000000000e+00
6.57004918531592e-06  	9.925200000000000e+02	992	9.199999999999591e-01	1.000000000000000e+00
6.57272794989e-06     	9.934400000000001e+02	993	9.200000000000728e-01	1.000000000000000e+00
6.57540533266834e-06  	9.943800000000000e+02	994	9.399999999999409e-01	1.000000000000000e+00
6.57808133503621e-06  	9.952800000000000e+02	995	8.999999999999773e-01	1.000000000000000e+00
6.58075595837685e-06  	9.961600000000000e+02	996	8.799999999999955e-01	1.000000000000000e+00
6.58342920407139e-06  	9.970599999999999e+02	997	8.999999999999773e-01	1.000000000000000e+00
6.58610099708123e-06  	9.979600000000000e+02	998	9.000000000000909e-01	1.000000000000000e+00
6.58877149162105e-06  	9.988400000000000e+02	999	8.799999999999955e-01	1.000000000000000e+00
6.59144053638099e-06  	9.997300000000000e+02	999	8.899999999999864e-01	0.000000000000000e+00
6.59410828526611e-06  	1.000630000000000e+03	1000	8.999999999999773e-01	1.000000000000000e+00
6.59677458726756e-06  	1.001520000000000e+03	1001	8.899999999999864e-01	1.000000000000000e+00
6.59943959598169e-06  	1.002400000000000e+03	1002	8.799999999999955e-01	1.000000000000000e+00
6.60210323666054e-06  	1.003280000000000e+03	1003	8.799999999999955e-01	1.000000000000000e+00
6.60476551066896e-06  	1.004170000000000e+03	1004	8.899999999999864e-01	1.000000000000000e+00
6.60742641936976e-06  	1.005050000000000e+03	1005	8.799999999999955e-01	1.000000000000000e+00
6.61008596412373e-06  	1.005940000000000e+03	1006	8.900000000001000e-01	1.000000000000000e+00
6.61274414628967e-06  	1.006820000000000e+03	1007	8.799999999999955e-01	1.000000000000000e+00
6.61540104281173e-06  	1.007710000000000e+03	1007	8.899999999999864e-01	0.000000000000000e+00
6.61805665489639e-06  	1.008600000000000e+03	1008	8.899999999999864e-01	1.000000000000000e+00
6.62071090830282e-06  	1.009480000000000e+03	1009	8.799999999999955e-01	1.000000000000000e+00
6.62336387975267e-06  	1.010370000000000e+03	1010	8.899999999999864e-01	1.000000000000000e+00
6.62601557044729e-06  	1.011260000000000e+03	1011	8.899999999999864e-01	1.000000000000000e+00
6.62866590635684e-06  	1.012150000000000e+03	1012	8.899999999999864e-01	1.000000000000000e+00
6.63131488882659e-06  	1.013040000000000e+03	1013	8.899999999999864e-01	1.000000000000000e+00
6.6339625191998e-06   	1.013920000000000e+03	1014	8.799999999999955e-01	1.000000000000000e+00
6.63660887382355e-06  	1.014800000000000e+03	1015	8.799999999999955e-01	1.000000000000000e+00
6.63925395389059e-06  	1.015680000000000e+03	1015	8.799999999999955e-01	0.000000000000000e+00
6.64189776059198e-06  	1.016560000000000e+03	1016	8.799999999999955e-01	1.000000000000000e+00
6.64454029511714e-06  	1.017450000000000e+03	1017	8.900000000001000e-01	1.000000000000000e+00
6.64718155865385e-06  	1.018340000000000e+03	1018	8.899999999999864e-01	1.000000000000000e+00
6.64982155238822e-06  	1.019260000000000e+03	1019	9.199999999999591e-01	1.000000000000000e+00
6.65246027750476e-06  	1.020160000000000e+03	1020	8.999999999999773e-01	1.000000000000000e+00
6.65509780970759e-06  	1.021040000000000e+03	1021	8.799999999999955e-01	1.000000000000000e+00
6.65773407558508e-06  	1.021930000000000e+03	1022	8.899999999999864e-01	1.000000000000000e+00
6.66036907631691e-06  	1.022810000000000e+03	1023	8.799999999999955e-01	1.000000000000000e+00
6.66300273876785e-06  	1.023690000000000e+03	1023	8.800000000001091e-01	0.000000000000000e+00
6.66563513849882e-06  	1.024580000000000e+03	1024	8.899999999998727e-01	1.000000000000000e+00
6.66826627668453e-06  	1.025460000000000e+03	1025	8.800000000001091e-01	1.000000000000000e+00
6.67089615449803e-06  	1.026350000000000e+03	1026	8.899999999998727e-01	1.000000000000000e+00
6.67352477311077e-06  	1.027220000000000e+03	1027	8.700000000001182e-01	1.000000000000000e+00
6.67615220766108e-06  	1.028120000000000e+03	1028	8.999999999998636e-01	1.000000000000000e+00
6.67877838527793e-06  	1.029000000000000e+03	1029	8.800000000001091e-01	1.000000000000000e+00
6.68140330712803e-06  	1.029910000000000e+03	1030	9.100000000000819e-01	1.000000000000000e+00
6.68402697437648e-06  	1.030820000000000e+03	1031	9.099999999998545e-01	1.000000000000000e+00
6.68664931449242e-06  	1.031720000000000e+03	1031	9.000000000000909e-01	0.000000000000000e+00
6.68927040240246e-06  	1.032610000000000e+03	1032	8.899999999998727e-01	1.000000000000000e+00
6.69189023926681e-06  	1.033500000000000e+03	1033	8.900000000001000e-01	1.000000000000000e+00
6.69450867927694e-06  	1.034380000000000e+03	1034	8.800000000001091e-01	1.000000000000000e+00
6.69712579728773e-06  	1.035300000000000e+03	1035	9.199999999998454e-01	1.000000000000000e+00
6.69974159459639e-06  	1.036210000000000e+03	1036	9.100000000000819e-01	1.000000000000000e+00
6.70235607249824e-06  	1.037110000000000e+03	1037	8.999999999998636e-01	1.000000000000000e+00
6.7049692322867e-06   	1.038000000000000e+03	1038	8.900000000001000e-01	1.000000000000000e+00
6.70758114837527e-06  	1.038880000000000e+03	1039	8.800000000001091e-01	1.000000000000000e+00
6.710191894971e-06    	1.039770000000000e+03	1039	8.899999999998727e-01	0.000000000000000e+00
6.71280140009282e-06  	1.040660000000000e+03	1040	8.900000000001000e-01	1.000000000000000e+00
6.71540973781405e-06  	1.041550000000000e+03	1041	8.899999999998727e-01	1.000000000000000e+00
6.71801690914614e-06  	1.042440000000000e+03	1042	8.900000000001000e-01	1.000000000000000e+00
